     0/299    0.604G    0.1321    0.9667         0     1.099         7       320         0         0         0         0    0.1251    0.4161         0
     1/299    0.604G     0.131    0.3647         0    0.4957        28       320         0         0         0         0    0.1229    0.1972         0
     2/299    0.604G    0.1271    0.1554         0    0.2824        21       320         0         0         0         0    0.1195     0.121         0
     3/299    0.604G     0.127    0.1119         0     0.239        35       320  0.001333   0.03333 5.343e-05 5.343e-06    0.1169    0.1001         0
     4/299    0.604G    0.1196   0.09719         0    0.2168        47       320  0.003333   0.08333 0.0002971 3.117e-05    0.1151   0.09278         0
     5/299    0.604G    0.1235   0.09173         0    0.2152        26       320     0.007     0.175  0.001277 0.0002055    0.1135   0.08984         0
     6/299    0.604G    0.1154   0.08199         0    0.1974        28       320  0.008333    0.2083  0.001778 0.0003397    0.1124   0.08865         0
     7/299    0.604G    0.1181   0.08018         0    0.1983        12       320  0.008733    0.2167  0.001953 0.0003985    0.1118   0.08855         0
     8/299    0.604G    0.1207   0.09506         0    0.2158        26       320  0.007667    0.1917  0.001542 0.0002755    0.1114   0.08854         0
     9/299    0.604G    0.1079   0.07567         0    0.1835        52       320  0.007735    0.1917  0.001532 0.0002802    0.1108   0.08924         0
    10/299    0.604G    0.1138   0.08417         0    0.1979        39       320  0.007017     0.175  0.001294 0.0002421      0.11   0.08971         0
    11/299    0.604G    0.1132   0.08982         0     0.203        35       320   0.00572    0.1417 0.0008459 0.0001204    0.1093   0.08967         0
    12/299    0.604G    0.1128   0.09267         0    0.2055        68       320  0.004365    0.1083 0.0005002 7.105e-05    0.1086   0.08994         0
    13/299    0.604G    0.1158   0.07982         0    0.1956         2       320  0.005667    0.1417  0.000903  0.000114     0.108   0.09054         0
    14/299    0.604G    0.1096   0.08824         0    0.1979        20       320  0.007379    0.1833  0.001399 0.0002177    0.1077   0.09027         0
    15/299    0.604G    0.1055   0.08673         0    0.1922        41       320  0.005145    0.0996 0.0006683  0.000109    0.1078   0.08947         0
    16/299    0.604G   0.09605   0.07689         0    0.1729         0       320  0.005667    0.1417 0.0008517 0.0001525    0.1076   0.08865         0
    17/299    0.604G    0.1079   0.09357         0    0.2015        53       320  0.006091      0.15 0.0009496  0.000153    0.1072   0.08892         0
    18/299    0.604G    0.1093   0.08725         0    0.1966        33       320  0.007109    0.1667  0.001297 0.0001977    0.1073   0.08852         0
    19/299    0.604G    0.1153   0.09008         0    0.2054        25       320  0.009385    0.2333  0.002281 0.0003522    0.1067   0.08858         0
    20/299    0.604G    0.1136    0.0988         0    0.2124        28       320   0.01141    0.2833  0.003414 0.0004616    0.1062   0.08872         0
    21/299    0.604G    0.1138   0.08546         0    0.1993        15       320   0.02074     0.025  0.003874 0.0006251    0.1063   0.08815         0
    22/299    0.604G    0.1083   0.08301         0    0.1913        40       320   0.01775    0.4333  0.008374  0.001218    0.1059   0.08862         0
    23/299    0.604G    0.1123   0.06716         0    0.1794         3       320   0.05691     0.125   0.01853  0.003348    0.1054   0.08788         0
    24/299    0.604G    0.1097   0.09493         0    0.2046        77       320   0.08386    0.1583   0.02913  0.005147    0.1053   0.08753         0
    25/299    0.604G    0.1137   0.08585         0    0.1995        27       320    0.1243   0.08333   0.04838  0.008022    0.1057    0.0863         0
    26/299    0.604G    0.1125   0.07675         0    0.1893        12       320   0.06603       0.3    0.0528  0.009542    0.1056    0.0852         0
    27/299    0.604G    0.1126    0.1004         0     0.213        26       320   0.08609       0.4   0.06399   0.01187    0.1053   0.08501         0
    28/299    0.604G    0.1057     0.101         0    0.2067        38       320    0.1144    0.4333   0.08554   0.01645    0.1051   0.08432         0
    29/299    0.604G    0.1059   0.08865         0    0.1946        35       320    0.1315    0.3667   0.09675   0.01916    0.1048   0.08323         0
    30/299    0.604G    0.1112   0.07007         0    0.1812         1       320    0.1391       0.4    0.1065   0.02046    0.1047   0.08241         0
    31/299    0.604G    0.1077   0.08874         0    0.1964        50       320    0.1434    0.4083    0.1173   0.02339    0.1048   0.08081         0
    32/299    0.604G     0.112   0.07854         0    0.1905        12       320    0.1723     0.475    0.1519   0.02754    0.1047   0.07923         0
    33/299    0.604G    0.1108   0.09423         0     0.205        24       320    0.1879    0.4378    0.1714   0.03131    0.1049   0.07743         0
    34/299    0.604G   0.09313   0.05983         0     0.153         0       320    0.3084    0.2333    0.1815   0.03435    0.1047   0.07633         0
    35/299    0.604G    0.1127   0.07723         0      0.19        19       320    0.2429     0.275    0.1898   0.03932    0.1043   0.07577         0
    36/299    0.604G    0.1112   0.07506         0    0.1862        24       320    0.3356      0.25    0.2185   0.04078    0.1042   0.07471         0
    37/299    0.604G      0.11   0.07355         0    0.1835        21       320    0.1883    0.3917    0.2138   0.04381     0.104   0.07448         0
    38/299    0.604G    0.1104   0.06987         0    0.1803        16       320    0.2084     0.375    0.2077   0.03888    0.1035   0.07375         0
    39/299    0.604G    0.1067   0.07633         0     0.183        74       320    0.2277    0.3417    0.2017   0.03809    0.1031   0.07421         0
    40/299    0.604G    0.1122   0.07673         0     0.189        25       320    0.2578    0.3416    0.2219   0.04214    0.1029   0.07437         0
    41/299    0.604G    0.1042   0.07231         0    0.1765        42       320    0.2422    0.4083    0.2408   0.04542    0.1025   0.07418         0
    42/299    0.604G    0.1026   0.06749         0    0.1701        25       320    0.2658    0.3833    0.2618   0.06008    0.1021   0.07353         0
    43/299    0.604G    0.1004   0.09681         0    0.1972        65       320    0.2295      0.55    0.2859   0.06544    0.1015   0.07118         0
    44/299    0.604G    0.1017   0.06076         0    0.1624         6       320    0.2895    0.4083    0.3026   0.07255    0.1014   0.06952         0
    45/299    0.604G    0.1011   0.06388         0    0.1649        30       320    0.3176     0.425    0.3415   0.08434    0.1017   0.06852         0
    46/299    0.604G    0.1074   0.07662         0     0.184        21       320    0.2368     0.575    0.2917   0.07066    0.1013   0.06821         0
    47/299    0.604G    0.1019   0.06528         0    0.1671        37       320    0.2885    0.6667      0.38   0.09798    0.1006   0.06665         0
    48/299    0.604G   0.08785    0.0618         0    0.1497         0       320    0.3511    0.7083     0.416    0.1018   0.09959   0.06621         0
    49/299    0.604G    0.1066   0.07816         0    0.1848        39       320    0.3333    0.6706    0.4146     0.115   0.09919   0.06609         0
    50/299    0.604G    0.1063    0.0594         0    0.1657         7       320    0.3608    0.6833    0.4364    0.1225    0.0991   0.06631         0
    51/299    0.604G    0.1013   0.06501         0    0.1663        45       320    0.4091    0.5917    0.4606    0.1324   0.09876   0.06488         0
    52/299    0.604G    0.1052   0.06214         0    0.1674        22       320    0.4269    0.5917    0.4703    0.1413   0.09798   0.06288         0
    53/299    0.604G    0.1048   0.06793         0    0.1727        18       320    0.4417    0.5802    0.4566    0.1394   0.09764     0.062         0
    54/299    0.604G    0.1014   0.07881         0    0.1802        74       320    0.4418     0.575    0.4752    0.1471   0.09788   0.06179         0
    55/299    0.604G   0.09882   0.06052         0    0.1593        11       320    0.3908     0.675    0.4663    0.1382   0.09797   0.06275         0
    56/299    0.604G   0.09758   0.06567         0    0.1632        25       320    0.4525    0.6083    0.4943    0.1475   0.09766   0.06261         0
    57/299    0.604G   0.09977   0.06248         0    0.1623        23       320    0.5297    0.5167    0.4945    0.1499   0.09748   0.06082         0
    58/299    0.604G   0.09728   0.05885         0    0.1561        11       320    0.5233    0.6333     0.541    0.1649   0.09703   0.05974         0
    59/299    0.604G   0.09844   0.05451         0     0.153         7       320    0.4753    0.7246    0.5825    0.1783   0.09673   0.05845         0
    60/299    0.604G   0.09472   0.06781         0    0.1625        37       320    0.5325    0.7309    0.6231    0.1823   0.09655   0.05829         0
    61/299    0.604G    0.0988   0.07345         0    0.1723        51       320    0.5597    0.7626    0.6577    0.1955   0.09598   0.05752         0
    62/299    0.604G   0.09492   0.06214         0    0.1571        26       320     0.558    0.8312    0.6846    0.2039   0.09565   0.05737         0
    63/299    0.604G   0.09507    0.0612         0    0.1563        15       320    0.6553      0.75    0.7031    0.2143   0.09536   0.05687         0
    64/299    0.604G    0.1018   0.05983         0    0.1617        14       320    0.6695    0.7667    0.7108    0.2337   0.09464   0.05596         0
    65/299    0.604G   0.09714   0.06883         0     0.166        73       320    0.6343    0.7667    0.7126    0.2379    0.0942    0.0555         0
    66/299    0.604G   0.09581   0.05918         0     0.155        25       320    0.6696    0.7167    0.7234    0.2444   0.09417   0.05431         0
    67/299    0.604G   0.09985   0.06563         0    0.1655        26       320    0.5942    0.8083    0.7174    0.2293   0.09432   0.05534         0
    68/299    0.604G   0.09477   0.05911         0    0.1539        20       320    0.6158      0.75    0.6972    0.2455   0.09386   0.05458         0
    69/299    0.604G    0.1031   0.05576         0    0.1589        13       320    0.5815    0.7333    0.6697    0.2437   0.09363    0.0548         0
    70/299    0.604G   0.09397   0.06745         0    0.1614        57       320    0.6719    0.7417    0.7328    0.2642   0.09357    0.0543         0
    71/299    0.604G    0.0943   0.05736         0    0.1517        38       320    0.6989     0.625    0.6987    0.2359   0.09384   0.05276         0
    72/299    0.604G   0.09649   0.06723         0    0.1637        61       320    0.7046       0.6    0.6831    0.2643   0.09248    0.0528         0
    73/299    0.604G   0.09341   0.05984         0    0.1532        27       320    0.6858    0.6911    0.7163    0.2679   0.09221   0.05362         0
    74/299    0.604G   0.09261   0.05645         0    0.1491         7       320    0.7474    0.6411    0.7476    0.2715   0.09195   0.05436         0
    75/299    0.604G   0.09199   0.06375         0    0.1557        26       320     0.646    0.7907    0.7745    0.2938   0.09155   0.05511         0
    76/299    0.604G   0.09507   0.05369         0    0.1488        12       320    0.7322       0.8    0.8042    0.3374   0.09072   0.05354         0
    77/299    0.604G   0.09685   0.05975         0    0.1566        24       320     0.712    0.7667    0.7795    0.2981   0.09045   0.05185         0
    78/299    0.604G   0.09743   0.06153         0     0.159        30       320    0.7119    0.7667    0.7795    0.3152   0.09002   0.05242         0
    79/299    0.604G   0.09811   0.05491         0     0.153        12       320    0.7416    0.7667    0.7915    0.3234   0.09018   0.05214         0
    80/299    0.604G   0.09307   0.05265         0    0.1457        18       320    0.7662    0.8464    0.8311    0.3684   0.08939   0.05284         0
    81/299    0.604G   0.09456   0.05505         0    0.1496        38       320    0.7646    0.8663    0.8686    0.3647   0.08893   0.05105         0
    82/299    0.604G   0.09905   0.06067         0    0.1597        33       320    0.7159    0.8167    0.8401    0.3589   0.08874   0.05052         0
    83/299    0.604G   0.09879    0.0596         0    0.1584        15       320    0.7247    0.8583    0.8423    0.3679   0.08802   0.05191         0
    84/299    0.604G   0.09091    0.0645         0    0.1554        39       320    0.7584    0.8417    0.8395    0.3715   0.08821   0.05146         0
    85/299    0.604G   0.09611   0.05742         0    0.1535         9       320    0.7332    0.8333    0.8187    0.3464   0.08809   0.05262         0
    86/299    0.604G   0.09226   0.05952         0    0.1518        25       320    0.7292    0.8077    0.8127    0.3636   0.08777   0.05131         0
    87/299    0.604G   0.08867   0.05269         0    0.1414        13       320    0.6547    0.7333    0.7512    0.3176   0.08784   0.05022         0
    88/299    0.604G   0.08947   0.06909         0    0.1586        73       320    0.5076     0.825    0.6652    0.2505    0.0881    0.0503         0
    89/299    0.604G   0.09074   0.05728         0     0.148        38       320    0.6285    0.6917    0.7474    0.2985   0.08722   0.04964         0
    90/299    0.604G   0.08953   0.05448         0     0.144         5       320    0.7383    0.8227    0.8457    0.3674   0.08671   0.05018         0
    91/299    0.604G   0.09161   0.05143         0     0.143        18       320    0.7816    0.8667     0.878    0.4135   0.08577   0.04919         0
    92/299    0.604G   0.09032   0.05765         0     0.148        28       320    0.8306    0.8667    0.8963    0.4233   0.08556   0.05181         0
    93/299    0.604G   0.08695   0.05249         0    0.1394        14       320    0.7408    0.9083    0.8763    0.3798   0.08636   0.05097         0
    94/299    0.604G   0.08932   0.06918         0    0.1585        69       320    0.7882    0.8167    0.8236    0.3357     0.086   0.04881         0
    95/299    0.604G   0.09087   0.05179         0    0.1427         8       320    0.7588    0.8388    0.8409    0.3667   0.08492   0.04907         0
    96/299    0.604G   0.08993   0.06578         0    0.1557        72       320    0.7589    0.8654    0.8496     0.355   0.08575   0.04914         0
    97/299    0.604G   0.08812   0.06763         0    0.1558        61       320    0.8229    0.7743    0.8448    0.3663   0.08455   0.04909         0
    98/299    0.604G   0.08742   0.05238         0    0.1398        26       320     0.791    0.7667    0.8232    0.3434   0.08442   0.04852         0
    99/299    0.604G   0.08963   0.05633         0     0.146        43       320    0.7659    0.7907    0.8308    0.3603   0.08386   0.04854         0
   100/299    0.604G   0.08997   0.05124         0    0.1412         6       320    0.7585    0.7917    0.8336    0.2907   0.08454   0.04852         0
   101/299    0.604G   0.09554   0.05935         0    0.1549        30       320    0.8393    0.7917    0.8794    0.3793   0.08308   0.04865         0
   102/299    0.604G   0.09033   0.05634         0    0.1467        10       320     0.877     0.832    0.9032    0.3893   0.08322   0.04859         0
   103/299    0.604G   0.09213   0.05983         0     0.152        27       320    0.8214      0.85    0.8785    0.4339   0.08266   0.04742         0
   104/299    0.604G    0.0858   0.05319         0     0.139         7       320    0.8144    0.8417    0.8714    0.4253   0.08265   0.04743         0
   105/299    0.604G   0.08591   0.05313         0     0.139        18       320    0.7629    0.8581     0.825    0.3728   0.08368    0.0482         0
   106/299    0.604G   0.08597   0.05917         0    0.1451        31       320    0.7698    0.7833    0.8346    0.3458   0.08328   0.04942         0
   107/299    0.604G   0.09214   0.05202         0    0.1442        12       320    0.7358     0.882    0.8427     0.345   0.08353    0.0476         0
   108/299    0.604G   0.09325   0.07318         0    0.1664        46       320    0.7695    0.8917    0.8795    0.4029     0.082   0.04823         0
   109/299    0.604G   0.08437   0.04746         0    0.1318         7       320    0.7039    0.8915    0.8688    0.3443   0.08239   0.04774         0
   110/299    0.604G    0.0882   0.06057         0    0.1488        17       320    0.7733    0.8244    0.8644    0.3981    0.0811   0.04837         0
   111/299    0.604G   0.09044   0.05477         0    0.1452        10       320    0.8181    0.8245    0.8863    0.3511   0.08334   0.04915         0
   112/299    0.604G   0.08112   0.05632         0    0.1374        26       320    0.8081    0.8074    0.8814    0.4143   0.08091   0.04842         0
   113/299    0.604G   0.08865   0.05201         0    0.1407         5       320    0.7343    0.8982    0.8689    0.3709   0.08289   0.04924         0
   114/299    0.604G   0.08304    0.0524         0    0.1354        27       320    0.7818       0.9    0.8952    0.3838    0.0805   0.04816         0
   115/299    0.604G   0.08498    0.0594         0    0.1444        35       320     0.726    0.9333    0.8867     0.378   0.08068   0.04961         0
   116/299    0.604G   0.09103   0.05299         0     0.144        54       320    0.6503    0.8989    0.7946     0.292   0.08271   0.04706         0
   117/299    0.604G   0.08636   0.05638         0    0.1427        43       320    0.7189    0.9163    0.8781    0.3458   0.07992   0.04637         0
   118/299    0.604G   0.08563   0.05493         0    0.1406        45       320    0.7169    0.9498    0.8836    0.3169   0.08026   0.04752         0
   119/299    0.604G   0.08297   0.04663         0    0.1296         5       320    0.6748    0.8833    0.8061    0.2513    0.0842   0.04718         0
   120/299    0.604G   0.09043   0.05511         0    0.1455        20       320    0.7241      0.95      0.89    0.3697   0.07859   0.04783         0
   121/299    0.604G   0.08861   0.05812         0    0.1467        39       320    0.7791    0.9167    0.9112     0.372   0.07842   0.04817         0
   122/299    0.604G   0.08362     0.054         0    0.1376         3       320    0.7936    0.8649    0.9003    0.3544   0.07886   0.04843         0
   123/299    0.604G   0.08569   0.05198         0    0.1377         6       320     0.766    0.8728    0.8808    0.3291   0.07902   0.04658         0
   124/299    0.604G   0.08445   0.05403         0    0.1385        18       320    0.7497     0.925    0.8882    0.3828   0.07836   0.04621         0
   125/299    0.604G   0.08918    0.0561         0    0.1453        24       320    0.7775    0.9319    0.9098    0.3744   0.07888   0.04584         0
   126/299    0.604G   0.08752   0.05749         0     0.145        26       320    0.7535    0.8917    0.8795    0.4057   0.07812   0.04568         0
   127/299    0.604G   0.08289   0.06691         0    0.1498        51       320    0.8228    0.8667    0.8904    0.3663    0.0786   0.04599         0
   128/299    0.604G   0.08397   0.05031         0    0.1343         5       320    0.7857    0.8557    0.8656    0.3723   0.07887   0.04563         0
   129/299    0.604G    0.0869   0.05069         0    0.1376         7       320     0.723     0.957    0.8787    0.4101    0.0785   0.04581         0
   130/299    0.604G   0.08825   0.05963         0    0.1479        30       320    0.7215      0.95    0.8737    0.4041    0.0783   0.04566         0
   131/299    0.604G   0.08467    0.0534         0    0.1381        41       320    0.8104    0.8906    0.8928    0.3594   0.08128   0.04577         0
   132/299    0.604G    0.0906   0.04692         0    0.1375         2       320    0.7609    0.9833    0.9051    0.4324   0.07802   0.04506         0
   133/299    0.604G   0.08837    0.0643         0    0.1527        26       320    0.8707     0.925    0.9448    0.4192   0.07791   0.04521         0
   134/299    0.604G   0.08413    0.0547         0    0.1388        11       320    0.8819    0.9417    0.9466    0.4504   0.07712   0.04504         0
   135/299    0.604G   0.08633   0.04698         0    0.1333         6       320    0.8878     0.925    0.9481    0.4484    0.0773   0.04472         0
   136/299    0.604G   0.08617   0.04814         0    0.1343         6       320      0.76     0.925    0.8919    0.3105   0.08218   0.04597         0
   137/299    0.604G   0.08753   0.05222         0    0.1397        26       320    0.7229     0.875    0.8668    0.3945   0.07939   0.04833         0
   138/299    0.604G   0.08973   0.05634         0    0.1461        26       320    0.8241    0.8978    0.9279    0.4223    0.0776   0.04697         0
   139/299    0.604G   0.07998   0.04883         0    0.1288        32       320    0.8216    0.8833    0.9277     0.423   0.07944   0.04477         0
   140/299    0.604G   0.08511   0.06707         0    0.1522        57       320    0.8037     0.853    0.8106    0.3255   0.08315   0.04673         0
   141/299    0.604G   0.09074   0.04748         0    0.1382        12       320    0.7566    0.8806    0.8924     0.405   0.08087   0.04531         0
   142/299    0.604G   0.08299   0.05508         0    0.1381        21       320    0.8064    0.8833    0.9079    0.4003   0.07983   0.04509         0
   143/299    0.604G   0.08969   0.05024         0    0.1399        10       320    0.8319    0.9083    0.9278     0.407   0.07921   0.04514         0
   144/299    0.604G   0.07783   0.04598         0    0.1238        13       320    0.8547    0.8823    0.9243    0.3548   0.07857   0.04612         0
   145/299    0.604G   0.08656   0.05839         0     0.145        74       320    0.7791    0.8833    0.9083    0.3959   0.08056   0.04862         0
   146/299    0.604G   0.08358   0.04807         0    0.1316        12       320    0.6758    0.9382    0.7602    0.2914   0.07819   0.05013         0
   147/299    0.604G   0.08674   0.05768         0    0.1444        26       320    0.7465    0.9571    0.9088     0.428   0.07761   0.05088         0
   148/299    0.604G    0.0804   0.05117         0    0.1316        19       320    0.7439     0.925    0.8646    0.3226   0.08211   0.04861         0
   149/299    0.604G     0.085   0.04955         0    0.1346        32       320    0.7147    0.9417    0.8999    0.4292   0.07729   0.04703         0
   150/299    0.604G   0.08223    0.0579         0    0.1401        42       320    0.7831    0.9327    0.9251    0.4525   0.07595   0.04763         0
   151/299    0.604G    0.0808   0.04983         0    0.1306        15       320    0.8246    0.8333    0.9074    0.3754    0.0807   0.04628         0
   152/299    0.604G   0.08381   0.06967         0    0.1535        63       320    0.8039    0.9333    0.9118     0.382   0.07684   0.04543         0
   153/299    0.604G   0.08558   0.06386         0    0.1494        24       320    0.7279    0.8917    0.8833    0.3906   0.08121   0.04596         0
   154/299    0.604G   0.08091   0.05431         0    0.1352        26       320    0.8618    0.8831    0.9118    0.3628   0.07616   0.04514         0
   155/299    0.604G   0.09229   0.05322         0    0.1455        16       320     0.771    0.9083    0.8857    0.4149   0.07653   0.04532         0
   156/299    0.604G   0.08476   0.05074         0    0.1355        18       320    0.7741    0.8583    0.8224    0.3296   0.07839   0.04547         0
   157/299    0.604G   0.08278   0.05277         0    0.1355        26       320    0.7969    0.9167    0.9128    0.4579   0.07837   0.04495         0
   158/299    0.604G   0.08333   0.04752         0    0.1309         5       320     0.873    0.9164    0.9438    0.4561   0.07548   0.04475         0
   159/299    0.604G    0.0846    0.0535         0    0.1381        24       320    0.8304    0.9083    0.9214    0.4624   0.07591   0.04469         0
   160/299    0.604G   0.07688   0.05378         0    0.1307        27       320    0.8689    0.8917    0.9417    0.4324    0.0752   0.04447         0
   161/299    0.604G   0.08146   0.05943         0    0.1409        57       320    0.8369       0.9    0.9248    0.4749   0.07508   0.04476         0
   162/299    0.604G    0.0797   0.05455         0    0.1342        42       320    0.8162    0.8667    0.8656    0.3438   0.07944   0.04563         0
   163/299    0.604G    0.0833   0.05553         0    0.1388        38       320    0.8237    0.8957    0.9014    0.4535   0.07803   0.04519         0
   164/299    0.604G   0.08792   0.05976         0    0.1477        24       320    0.8598     0.975    0.9546    0.4277   0.07749   0.04674         0
   165/299    0.604G   0.08185   0.05033         0    0.1322        27       320    0.8504      0.95    0.9381    0.5013   0.07563   0.04583         0
   166/299    0.604G   0.07918   0.05584         0     0.135        45       320    0.8901      0.95    0.9627     0.521   0.07479    0.0454         0
   167/299    0.604G   0.08175   0.05165         0    0.1334        29       320    0.8819    0.9417    0.9625    0.5326   0.07441   0.04764         0
   168/299    0.604G   0.08473   0.04732         0    0.1321         8       320    0.8872     0.925    0.9514    0.5347    0.0738   0.04709         0
   169/299    0.604G   0.08656   0.04939         0    0.1359        21       320    0.8372    0.9167    0.9036     0.452   0.07552   0.04536         0
   170/299    0.604G   0.08223   0.05637         0    0.1386        25       320    0.9284    0.8646    0.9509    0.4472   0.07476   0.04358         0
   171/299    0.604G   0.08468   0.05155         0    0.1362        27       320    0.7817       0.9    0.8984    0.4668   0.07483   0.04386         0
   172/299    0.604G   0.08199   0.05808         0    0.1401        50       320    0.8559    0.9407    0.9329    0.5032   0.07379   0.04309         0
   173/299    0.604G   0.08419   0.04761         0    0.1318        12       320    0.9111    0.8917    0.9547    0.4059   0.07597   0.04454         0
   174/299    0.604G   0.08004   0.05456         0    0.1346        29       320    0.8707    0.9667    0.9527      0.48   0.07401   0.04434         0
   175/299    0.604G   0.08268   0.05092         0    0.1336         9       320    0.8863     0.925     0.947    0.4871   0.07464   0.04549         0
   176/299    0.604G    0.0783    0.0512         0    0.1295        35       320    0.8264    0.9917    0.9412      0.49   0.07391   0.04476         0
   177/299    0.604G   0.08284   0.06814         0     0.151        26       320    0.8635    0.9167    0.9414    0.3277   0.07807   0.04539         0
   178/299    0.604G   0.07962   0.05227         0    0.1319        21       320    0.8787    0.9662    0.9606    0.5176   0.07322   0.04353         0
   179/299    0.604G   0.07932   0.04566         0     0.125        12       320     0.909    0.9162    0.9639    0.4135   0.07633   0.04387         0
   180/299    0.604G   0.08144   0.06284         0    0.1443        26       320    0.8894    0.9417    0.9612    0.5172   0.07346     0.043         0
   181/299    0.604G   0.08214   0.05507         0    0.1372        22       320    0.8742    0.9333    0.9523    0.5143   0.07358   0.04375         0
   182/299    0.604G   0.08108   0.03934         0    0.1204         9       320    0.9242     0.925    0.9652    0.5279   0.07283   0.04326         0
   183/299    0.604G   0.08334    0.0654         0    0.1487        29       320    0.8969    0.9583    0.9585    0.5373   0.07319    0.0447         0
   184/299    0.604G   0.08187   0.05687         0    0.1387        21       320    0.9134    0.9663    0.9596    0.5345   0.07251   0.04464         0
   185/299    0.604G   0.08366   0.05012         0    0.1338        14       320    0.9206    0.9666    0.9586     0.534   0.07322   0.04393         0
   186/299    0.604G   0.07971   0.04474         0    0.1244        12       320    0.9193    0.9498    0.9564    0.5278   0.07265   0.04342         0
   187/299    0.604G   0.07587   0.05792         0    0.1338        43       320    0.9389     0.925    0.9698    0.4899   0.07391   0.04389         0
   188/299    0.604G   0.08196   0.05081         0    0.1328        15       320    0.9051    0.9583    0.9667    0.5392   0.07252   0.04339         0
   189/299    0.604G   0.08208   0.04772         0    0.1298        18       320    0.9187      0.95    0.9749    0.5372   0.07276   0.04374         0
   190/299    0.604G   0.07963   0.04907         0    0.1287        53       320     0.892    0.9641    0.9673    0.4889   0.07384   0.04404         0
   191/299    0.604G   0.08211   0.06078         0    0.1429        74       320    0.9485    0.9333      0.98    0.4861   0.07324   0.04346         0
   192/299    0.604G   0.07983   0.05611         0    0.1359        62       320    0.9005    0.9833    0.9794    0.5553    0.0721   0.04327         0
   193/299    0.604G   0.07825   0.04912         0    0.1274        23       320    0.9657    0.9396    0.9819    0.4629   0.07349   0.04345         0
   194/299    0.604G   0.08245   0.04827         0    0.1307        13       320    0.9583     0.975    0.9804    0.5697   0.07216   0.04323         0
   195/299    0.604G   0.08354    0.0653         0    0.1488        26       320    0.9428     0.975    0.9767    0.5646   0.07255   0.04323         0
   196/299    0.604G   0.07579   0.05448         0    0.1303        41       320    0.9435     0.975    0.9804    0.5483   0.07188    0.0429         0
   197/299    0.604G   0.07761   0.04215         0    0.1198         2       320    0.9359     0.975      0.98    0.5579   0.07148    0.0429         0
   198/299    0.604G   0.07521   0.05268         0    0.1279        26       320    0.9276     0.975    0.9731    0.5476   0.07146    0.0428         0
   199/299    0.604G   0.08112   0.05406         0    0.1352        21       320    0.9292      0.95    0.9758    0.5386   0.07172    0.0431         0
   200/299    0.604G   0.08014   0.04738         0    0.1275         7       320    0.9268     0.949     0.972    0.5377   0.07148   0.04362         0
   201/299    0.604G   0.07809   0.04853         0    0.1266        42       320    0.8913     0.957    0.9642    0.5218    0.0717   0.04315         0
   202/299    0.604G   0.07902   0.04865         0    0.1277         9       320    0.8939    0.9826    0.9741    0.5211   0.07139   0.04297         0
   203/299    0.604G   0.08058   0.04876         0    0.1293         3       320    0.8931    0.9833    0.9738    0.5169   0.07131   0.04341         0
   204/299    0.604G   0.07746   0.04961         0    0.1271        27       320    0.9086    0.9333    0.9675    0.4379   0.07228   0.04389         0
   205/299    0.604G   0.07983   0.05536         0    0.1352        63       320    0.9574    0.9371    0.9762    0.5384   0.07207   0.04325         0
   206/299    0.604G   0.07999    0.0526         0    0.1326        60       320    0.9583    0.9581    0.9783    0.5594   0.07144     0.043         0
   207/299    0.604G   0.07941   0.05815         0    0.1376        26       320    0.9508    0.9667    0.9776    0.5326   0.07191   0.04263         0
   208/299    0.604G   0.07593   0.04719         0    0.1231        16       320    0.9576    0.9583    0.9765    0.5447   0.07212   0.04291         0
   209/299    0.604G   0.08086   0.06368         0    0.1445        31       320    0.9583    0.9577    0.9757    0.5756   0.07174   0.04283         0
   210/299    0.604G   0.07959   0.06327         0    0.1429        75       320    0.9503    0.9583    0.9753    0.5766    0.0713   0.04369         0
   211/299    0.604G   0.07579    0.0561         0    0.1319        59       320    0.9349    0.9583    0.9745    0.5758   0.07122   0.04402         0
   212/299    0.604G    0.0815   0.05456         0    0.1361        12       320    0.9332    0.9313    0.9711    0.5733   0.07137   0.04483         0
   213/299    0.604G   0.07959   0.04981         0    0.1294        62       320    0.9062    0.9662    0.9746     0.574   0.07136   0.04399         0
   214/299    0.604G   0.07439   0.04492         0    0.1193         2       320    0.9206    0.9657    0.9757     0.566   0.07128   0.04308         0
   215/299    0.604G   0.07873   0.04393         0    0.1227         9       320    0.9206    0.9657    0.9769     0.511   0.07214   0.04317         0
   216/299    0.604G   0.07812   0.07272         0    0.1508        61       320    0.9062    0.9657    0.9746    0.5403   0.07135   0.04278         0
   217/299    0.604G   0.08068   0.05317         0    0.1338        18       320    0.8991     0.965    0.9713    0.4171   0.07336   0.04349         0
   218/299    0.604G   0.08052   0.06206         0    0.1426        92       320    0.9193    0.9499    0.9739    0.5379   0.07103   0.04282         0
   219/299    0.604G   0.07288   0.04571         0    0.1186        14       320     0.906    0.9667    0.9733    0.4997   0.07267   0.04361         0
   220/299    0.604G    0.0738   0.04765         0    0.1214        12       320    0.8923    0.9666    0.9719    0.5557   0.07133   0.04293         0
   221/299    0.604G   0.07386   0.04841         0    0.1223        28       320    0.8989    0.9667    0.9724    0.5638    0.0709   0.04279         0
   222/299    0.604G   0.07522   0.04445         0    0.1197         1       320    0.8989    0.9667    0.9698    0.5518   0.07109   0.04258         0
   223/299    0.604G   0.07302   0.03963         0    0.1126         2       320    0.8785    0.9667    0.9677    0.5721   0.07078   0.04234         0
   224/299    0.604G   0.07356   0.04833         0    0.1219         3       320    0.9117    0.9583    0.9663    0.5526   0.07128   0.04255         0
   225/299    0.604G   0.08099   0.05537         0    0.1364        34       320     0.899    0.9667    0.9672    0.5651   0.07122   0.04245         0
   226/299    0.604G   0.07257   0.04466         0    0.1172         3       320    0.9061    0.9667     0.967    0.5543   0.07125   0.04249         0
   227/299    0.604G   0.06979   0.04918         0     0.119        18       320    0.9276    0.9667    0.9701      0.56   0.07116   0.04267         0
   228/299    0.604G   0.08242   0.04418         0    0.1266        12       320    0.9206    0.9665    0.9705    0.5657   0.07118   0.04278         0
   229/299    0.604G   0.07631   0.04686         0    0.1232         6       320    0.9355    0.9664    0.9734    0.5696   0.07165   0.04292         0
   230/299    0.604G   0.07707   0.07121         0    0.1483        83       320    0.9274    0.9667    0.9737    0.5789   0.07123   0.04239         0
   231/299    0.604G   0.07538   0.04625         0    0.1216         6       320    0.9276    0.9667     0.975    0.5863   0.07096   0.04225         0
   232/299    0.604G   0.07756   0.05051         0    0.1281        24       320    0.9426    0.9579    0.9765    0.5669   0.07086   0.04301         0
   233/299    0.604G   0.07222   0.04389         0    0.1161         2       320    0.9405    0.9583    0.9769    0.5852   0.07067   0.04314         0
   234/299    0.604G   0.08181   0.04804         0    0.1298        15       320    0.9352    0.9667    0.9762    0.5804   0.07066   0.04341         0
   235/299    0.604G   0.07582   0.04653         0    0.1223        13       320    0.9279    0.9659    0.9754    0.5443   0.07153   0.04382         0
   236/299    0.604G   0.08312   0.04373         0    0.1269        16       320    0.9349    0.9577    0.9758    0.5706    0.0706   0.04343         0
   237/299    0.604G   0.07316   0.05439         0    0.1276        78       320     0.914    0.9748     0.976    0.5582    0.0707   0.04338         0
   238/299    0.604G   0.07709   0.05458         0    0.1317        32       320     0.928    0.9666    0.9763    0.5611   0.07046   0.04328         0
   239/299    0.604G   0.07273    0.0422         0    0.1149        13       320    0.9286    0.9749    0.9776    0.5518   0.07079   0.04334         0
   240/299    0.604G    0.0781   0.05584         0    0.1339        23       320    0.9291    0.9828    0.9793    0.5482   0.07085   0.04338         0
   241/299    0.604G   0.07781   0.06695         0    0.1448        77       320     0.914    0.9746    0.9767    0.5502   0.07089   0.04278         0
   242/299    0.604G   0.07493   0.04586         0    0.1208        21       320    0.9274    0.9576    0.9746    0.5302   0.07112   0.04235         0
   243/299    0.604G   0.07653   0.04595         0    0.1225         7       320    0.9269    0.9583    0.9738    0.4968   0.07188   0.04273         0
   244/299    0.604G   0.07847   0.06012         0    0.1386        30       320     0.928    0.9663    0.9736    0.5343   0.07114   0.04238         0
   245/299    0.604G   0.07563   0.04453         0    0.1202        32       320    0.9275    0.9667    0.9741    0.5665   0.07068   0.04202         0
   246/299    0.604G   0.07753   0.05143         0     0.129        21       320    0.9276     0.975    0.9778    0.5735   0.07038    0.0418         0
   247/299    0.604G   0.07831    0.0566         0    0.1349        35       320    0.9212     0.975    0.9779    0.5326   0.07112   0.04205         0
   248/299    0.604G   0.07425   0.05221         0    0.1265        32       320    0.9285    0.9734    0.9789    0.5652   0.07044   0.04182         0
   249/299    0.604G   0.07735   0.04601         0    0.1234        14       320    0.9285     0.974    0.9787    0.5653   0.07065   0.04192         0
   250/299    0.604G   0.08115   0.05364         0    0.1348        19       320     0.921     0.975    0.9767     0.585   0.06999   0.04155         0
   251/299    0.604G   0.07786   0.05643         0    0.1343        21       320    0.9284     0.975     0.978    0.5899   0.06995   0.04178         0
   252/299    0.604G   0.07759   0.04469         0    0.1223         8       320    0.9286    0.9748    0.9773    0.6005   0.06978   0.04169         0
   253/299    0.604G   0.07592   0.04701         0    0.1229        28       320    0.9212    0.9745    0.9786    0.5947   0.06972   0.04159         0
   254/299    0.604G    0.0732   0.04522         0    0.1184        41       320    0.9211     0.975    0.9797    0.5682   0.06977   0.04164         0
   255/299    0.604G   0.07415   0.04425         0    0.1184         3       320    0.9212     0.975    0.9794    0.5665   0.06982   0.04179         0
   256/299    0.604G   0.07634   0.04362         0      0.12        14       320     0.935    0.9583    0.9796    0.5559   0.07022   0.04182         0
   257/299    0.604G   0.07662   0.04561         0    0.1222        32       320     0.935    0.9583    0.9791    0.5638    0.0701   0.04175         0
   258/299    0.604G   0.07556    0.0419         0    0.1175        13       320    0.9349    0.9576    0.9786    0.5692   0.07009    0.0417         0
   259/299    0.604G   0.07588     0.047         0    0.1229        38       320    0.9272    0.9583     0.978    0.5628   0.07019    0.0419         0
   260/299    0.604G   0.07741   0.04898         0    0.1264        24       320    0.9212    0.9745    0.9789     0.569   0.07015   0.04189         0
   261/299    0.604G    0.0643   0.04485         0    0.1092         0       320     0.914    0.9748    0.9785    0.5811   0.07013   0.04194         0
   262/299    0.604G   0.08157   0.06041         0     0.142        29       320    0.9141    0.9749    0.9779    0.5884   0.07007   0.04218         0
   263/299    0.604G   0.07851   0.05278         0    0.1313        71       320    0.9208     0.975    0.9791    0.5834   0.07004   0.04229         0
   264/299    0.604G   0.07816   0.06232         0    0.1405        83       320    0.9212     0.975    0.9785    0.5895   0.07004   0.04226         0
   265/299    0.604G   0.07096   0.04739         0    0.1183        26       320    0.9212    0.9746    0.9785    0.5569   0.07059   0.04229         0
   266/299    0.604G   0.07459   0.04391         0    0.1185        12       320    0.9209     0.975     0.978    0.5427    0.0708   0.04229         0
   267/299    0.604G   0.08015   0.04586         0     0.126        19       320    0.9298     0.975    0.9786    0.5829   0.07001   0.04205         0
   268/299    0.604G   0.07872   0.05571         0    0.1344        26       320    0.9284     0.975    0.9775    0.5799   0.07014    0.0421         0
   269/299    0.604G   0.07791   0.05086         0    0.1288        25       320     0.936    0.9749    0.9783    0.5811   0.06998   0.04194         0
   270/299    0.604G   0.07847   0.04761         0    0.1261         6       320    0.9285     0.975    0.9775    0.5877   0.06992   0.04192         0
   271/299    0.604G   0.07874   0.04194         0    0.1207        10       320    0.9285     0.975    0.9772    0.5859   0.06992   0.04176         0
   272/299    0.604G   0.07202   0.04999         0     0.122        45       320    0.9212     0.975    0.9787    0.5557   0.07068   0.04196         0
   273/299    0.604G   0.07776   0.06047         0    0.1382        69       320    0.9285    0.9742    0.9783    0.5788   0.07012   0.04183         0
   274/299    0.604G   0.07395   0.04241         0    0.1164         2       320    0.9346    0.9667    0.9796    0.5924   0.06993   0.04177         0
   275/299    0.604G   0.07369   0.05248         0    0.1262        34       320    0.9212    0.9748    0.9795    0.5951    0.0699   0.04188         0
   276/299    0.604G   0.07175   0.04584         0    0.1176        48       320    0.9212    0.9743    0.9795    0.5821   0.06983   0.04208         0
   277/299    0.604G   0.07522   0.04525         0    0.1205         8       320    0.9209     0.975    0.9797    0.5939   0.06963   0.04228         0
   278/299    0.604G   0.07429   0.04283         0    0.1171         6       320    0.9069     0.975    0.9782    0.5883    0.0696   0.04291         0
   279/299    0.604G   0.07693    0.0538         0    0.1307        74       320    0.9285     0.975    0.9802    0.5798   0.06969   0.04298         0
   280/299    0.604G   0.07607   0.05273         0    0.1288        30       320    0.9146    0.9833    0.9798    0.5773   0.06952   0.04271         0
   281/299    0.604G   0.07809   0.05351         0    0.1316        71       320    0.8936    0.9833    0.9775     0.584   0.06939   0.04258         0
   282/299    0.604G    0.0718   0.04309         0    0.1149        17       320    0.8871    0.9822    0.9766    0.5716   0.06936   0.04237         0
   283/299    0.604G   0.07369   0.04845         0    0.1221         3       320       0.9    0.9748    0.9765    0.5558   0.06983    0.0424         0
   284/299    0.604G   0.07571   0.05173         0    0.1274        39       320     0.914    0.9746    0.9788      0.57   0.06949   0.04206         0
   285/299    0.604G   0.06625   0.04789         0    0.1141         0       320    0.9065     0.975    0.9764    0.5703   0.06933   0.04202         0
   286/299    0.604G   0.07843   0.05627         0    0.1347        35       320    0.9284     0.975    0.9799    0.5695   0.06955   0.04174         0
   287/299    0.604G   0.07653   0.05796         0    0.1345        43       320    0.9282     0.975    0.9794    0.5768   0.06956    0.0417         0
   288/299    0.604G   0.07676   0.05047         0    0.1272        18       320    0.9284     0.975    0.9796    0.5626   0.06977   0.04175         0
   289/299    0.604G   0.07397   0.04275         0    0.1167         6       320    0.9355    0.9665    0.9791     0.584   0.06956    0.0418         0
   290/299    0.604G   0.07551   0.03995         0    0.1155         5       320    0.9349    0.9667    0.9782    0.5827   0.06953   0.04185         0
   291/299    0.604G   0.07183   0.04514         0     0.117         8       320    0.9354    0.9667     0.978     0.582   0.06956   0.04178         0
   292/299    0.604G    0.0761   0.04013         0    0.1162         3       320    0.9212    0.9744    0.9777    0.5868   0.06942   0.04177         0
   293/299    0.604G   0.07907    0.0544         0    0.1335        20       320    0.9271    0.9583    0.9777    0.5972   0.06937   0.04182         0
   294/299    0.604G   0.07348   0.04213         0    0.1156         3       320    0.9268    0.9583    0.9774    0.5959   0.06936   0.04171         0
   295/299    0.604G   0.07679   0.07141         0    0.1482        43       320     0.928    0.9662    0.9783    0.5932    0.0695   0.04185         0
   296/299    0.604G   0.07566   0.05056         0    0.1262        32       320    0.9211     0.975    0.9781    0.5976   0.06941   0.04142         0
   297/299    0.604G   0.07717   0.05417         0    0.1313        26       320    0.9208     0.975    0.9783    0.5998   0.06931   0.04141         0
   298/299    0.604G   0.07069   0.04485         0    0.1155         6       320    0.9213    0.9749     0.978    0.6056   0.06924   0.04128         0
   299/299    0.604G   0.07568   0.04661         0    0.1223        11       320    0.9285    0.9746    0.9786    0.5993   0.06919   0.04144         0
