     0/299    0.602G    0.1331     1.111         0     1.244         7       320  0.005121  0.008333 3.854e-05 3.854e-06    0.1285    0.7003         0
     1/299    0.602G    0.1333    0.3649         0    0.4982        28       320         0         0         0         0    0.1252    0.1498         0
     2/299    0.602G    0.1279     0.137         0    0.2649        21       320 0.0006667   0.01667 1.454e-05 1.454e-06    0.1225    0.1025         0
     3/299    0.602G    0.1293    0.1063         0    0.2356        35       320  0.001681   0.04167 8.167e-05 9.693e-06    0.1209   0.08917         0
     4/299    0.602G    0.1217   0.09254         0    0.2142        47       320  0.003667   0.09167 0.0003583 4.587e-05    0.1196   0.08345         0
     5/299    0.602G    0.1278   0.08652         0    0.2144        26       320  0.006333    0.1583  0.001102 0.0001858    0.1185   0.08083         0
     6/299    0.602G    0.1206   0.07477         0    0.1954        28       320  0.006093    0.1167 0.0009711 0.0001949    0.1173   0.08034         0
     7/299    0.602G    0.1215   0.07673         0    0.1982        12       320  0.006048      0.15 0.0009962 0.0002031    0.1162   0.08076         0
     8/299    0.602G     0.124   0.08961         0    0.2136        26       320  0.008333    0.2083  0.001861 0.0003632    0.1154   0.08134         0
     9/299    0.602G    0.1092    0.0749         0    0.1841        52       320   0.00972     0.225  0.002443 0.0005269    0.1145   0.08166         0
    10/299    0.602G    0.1153   0.08323         0    0.1985        39       320   0.01179    0.2917  0.003569  0.000517    0.1136   0.08202         0
    11/299    0.602G    0.1149   0.08954         0    0.2045        35       320   0.01354       0.3  0.004605  0.000821    0.1124   0.08299         0
    12/299    0.602G     0.114    0.0928         0    0.2068        68       320     0.016       0.4  0.006713  0.001261    0.1116   0.08326         0
    13/299    0.602G     0.118   0.07746         0    0.1954         2       320   0.01598    0.3583  0.007618  0.001665    0.1106   0.08422         0
    14/299    0.602G    0.1112   0.08362         0    0.1948        20       320   0.01678    0.3833   0.00753  0.001399    0.1097   0.08523         0
    15/299    0.602G    0.1059   0.08553         0    0.1914        41       320   0.06476   0.03333   0.01143  0.002381    0.1083   0.08578         0
    16/299    0.602G   0.09669   0.07443         0    0.1711         0       320   0.05276   0.08333   0.01697  0.002719    0.1071    0.0852         0
    17/299    0.602G    0.1084   0.09133         0    0.1997        53       320   0.06875     0.125   0.02117  0.003304    0.1068   0.08465         0
    18/299    0.602G    0.1097    0.0844         0    0.1941        33       320   0.06898   0.08333   0.02296   0.00443    0.1069    0.0834         0
    19/299    0.602G    0.1149   0.08748         0    0.2024        25       320   0.09512    0.2417    0.0493  0.007116    0.1072   0.08128         0
    20/299    0.602G    0.1138   0.09492         0    0.2087        28       320    0.1173    0.1083   0.04364  0.007048    0.1059   0.08234         0
    21/299    0.602G    0.1131   0.08279         0    0.1959        15       320   0.07904       0.2   0.04469  0.006399    0.1067   0.08121         0
    22/299    0.602G    0.1077   0.08005         0    0.1878        40       320   0.09106       0.2   0.06219  0.009679    0.1057   0.07994         0
    23/299    0.602G    0.1131   0.06467         0    0.1778         3       320     0.163     0.175   0.08252   0.01313    0.1056   0.07875         0
    24/299    0.602G    0.1089   0.09109         0       0.2        77       320   0.08954     0.375   0.08026   0.01411    0.1053    0.0765         0
    25/299    0.602G    0.1136   0.08082         0    0.1945        27       320    0.1248    0.3083    0.1127    0.0189    0.1054    0.0747         0
    26/299    0.602G    0.1118     0.071         0    0.1828        12       320    0.1446       0.3    0.1133   0.02037    0.1051   0.07359         0
    27/299    0.602G    0.1111   0.09232         0    0.2034        26       320    0.1773    0.2333    0.1303   0.02789    0.1052   0.07248         0
    28/299    0.602G    0.1045   0.09246         0     0.197        38       320    0.1971    0.2917    0.1678   0.03123    0.1051   0.07233         0
    29/299    0.602G    0.1045   0.08057         0     0.185        35       320    0.1585      0.45    0.1677   0.03643    0.1041    0.0717         0
    30/299    0.602G    0.1076   0.06591         0    0.1735         1       320    0.1873    0.3917    0.1694    0.0368     0.104   0.06953         0
    31/299    0.602G    0.1064   0.08157         0     0.188        50       320    0.2221    0.3917    0.2253   0.04358    0.1038   0.06751         0
    32/299    0.602G    0.1091   0.07209         0    0.1812        12       320    0.2391    0.4333    0.2573   0.05669    0.1038   0.06539         0
    33/299    0.602G    0.1089    0.0829         0    0.1918        24       320    0.3239    0.3074    0.2643   0.05921    0.1034   0.06501         0
    34/299    0.602G   0.09095    0.0546         0    0.1456         0       320    0.2331    0.5979    0.2433   0.05187    0.1032   0.06453         0
    35/299    0.602G    0.1108   0.07022         0    0.1811        19       320    0.2985    0.4083    0.2481   0.05008    0.1035   0.06386         0
    36/299    0.602G    0.1079   0.06805         0    0.1759        24       320    0.2856      0.45    0.2744   0.05408    0.1033   0.06462         0
    37/299    0.602G    0.1074   0.06785         0    0.1753        21       320    0.2673    0.5583    0.2751   0.05625     0.103   0.06745         0
    38/299    0.602G    0.1083   0.06308         0    0.1714        16       320    0.3919    0.3917    0.3517   0.07669    0.1023    0.0662         0
    39/299    0.602G     0.104   0.07099         0     0.175        74       320      0.35    0.4577    0.3712   0.08451    0.1012    0.0653         0
    40/299    0.602G    0.1091   0.06889         0     0.178        25       320    0.4543    0.4163    0.3922   0.08288    0.1006   0.06623         0
    41/299    0.602G     0.102   0.06662         0    0.1686        42       320    0.3566      0.55    0.3726    0.0914    0.1003    0.0665         0
    42/299    0.602G   0.09933   0.06199         0    0.1613        25       320    0.3561      0.55    0.3979   0.09922   0.09956   0.06275         0
    43/299    0.602G   0.09794    0.0906         0    0.1885        65       320     0.362    0.6083    0.4018   0.09678    0.0991   0.05981         0
    44/299    0.602G   0.09868   0.05598         0    0.1547         6       320    0.3601    0.6333    0.4151    0.1059   0.09875   0.05884         0
    45/299    0.602G   0.09843   0.05943         0    0.1579        30       320    0.4259    0.4833      0.39   0.09789    0.0987   0.05955         0
    46/299    0.602G    0.1044   0.07022         0    0.1746        21       320    0.4403       0.5    0.4136    0.1027   0.09833   0.06034         0
    47/299    0.602G   0.09911   0.06144         0    0.1605        37       320    0.4646    0.5134    0.4362    0.1066    0.0976    0.0586         0
    48/299    0.602G    0.0854   0.05884         0    0.1442         0       320    0.3878     0.675    0.4332   0.09945   0.09714   0.05661         0
    49/299    0.602G    0.1039   0.07313         0    0.1771        39       320    0.4277    0.6667    0.4826    0.1202   0.09659   0.05579         0
    50/299    0.602G    0.1034   0.05499         0    0.1584         7       320     0.463    0.6833    0.5393    0.1349    0.0967   0.05543         0
    51/299    0.602G   0.09881   0.06214         0    0.1609        45       320    0.5031    0.6159    0.5343    0.1517   0.09625   0.05519         0
    52/299    0.602G    0.1013   0.05856         0    0.1599        22       320    0.4721      0.65    0.5372    0.1535   0.09568   0.05424         0
    53/299    0.602G    0.1025   0.06423         0    0.1667        18       320    0.4444    0.7666    0.5443    0.1393   0.09553   0.05562         0
    54/299    0.602G   0.09903   0.07745         0    0.1765        74       320     0.472    0.7167    0.5479    0.1429   0.09555   0.05687         0
    55/299    0.602G    0.0957   0.05731         0     0.153        11       320    0.4321    0.7165    0.5269    0.1381   0.09555   0.05967         0
    56/299    0.602G   0.09523   0.06218         0    0.1574        25       320     0.457     0.725    0.5567    0.1244   0.09522   0.05841         0
    57/299    0.602G   0.09713   0.06006         0    0.1572        23       320    0.4825    0.6993    0.5721    0.1615   0.09422   0.05453         0
    58/299    0.602G   0.09463   0.05693         0    0.1516        11       320    0.4799    0.7333    0.5612    0.1526   0.09401   0.05373         0
    59/299    0.602G   0.09624   0.05245         0    0.1487         7       320    0.4714    0.7583    0.5809    0.1714   0.09354   0.05346         0
    60/299    0.602G   0.09236   0.06475         0    0.1571        37       320    0.4602    0.7743    0.5294    0.1405   0.09399   0.05329         0
    61/299    0.602G   0.09685   0.07197         0    0.1688        51       320    0.5079    0.7742    0.5981    0.1572   0.09311   0.05394         0
    62/299    0.602G   0.09291   0.06034         0    0.1532        26       320    0.6711    0.6333    0.7034    0.1838   0.09265    0.0537         0
    63/299    0.602G   0.09262   0.05977         0    0.1524        15       320    0.5783    0.7998    0.7104    0.1753   0.09269   0.05493         0
    64/299    0.602G   0.09969   0.05878         0    0.1585        14       320    0.6227    0.6328    0.6214    0.1719    0.0928   0.05675         0
    65/299    0.602G   0.09542    0.0685         0    0.1639        73       320    0.5729      0.75    0.6956    0.1825   0.09206   0.05538         0
    66/299    0.602G   0.09351   0.05759         0    0.1511        25       320    0.6284    0.7583    0.7466    0.2128   0.09102   0.05226         0
    67/299    0.602G   0.09775   0.06377         0    0.1615        26       320    0.5898     0.875    0.7559    0.2204   0.09062   0.05255         0
    68/299    0.602G   0.09223   0.05837         0    0.1506        20       320    0.6047    0.7904    0.7369    0.2321   0.09061   0.05294         0
    69/299    0.602G    0.1006   0.05477         0    0.1553        13       320    0.5887     0.875    0.7534    0.2538   0.09033   0.05312         0
    70/299    0.602G   0.09237   0.06727         0    0.1596        57       320    0.5736    0.8633    0.6973    0.1975   0.09047   0.05218         0
    71/299    0.602G   0.09219   0.05684         0     0.149        38       320    0.7027    0.7333    0.7639    0.2291   0.08971   0.05134         0
    72/299    0.602G   0.09446   0.06744         0    0.1619        61       320    0.6572    0.7833    0.7408    0.2509   0.08939   0.05164         0
    73/299    0.602G   0.09084   0.05973         0    0.1506        27       320    0.7109       0.8    0.7646    0.2315   0.08939   0.05136         0
    74/299    0.602G   0.09036   0.05625         0    0.1466         7       320    0.7191    0.7895    0.7661    0.2281   0.08891   0.05197         0
    75/299    0.602G   0.09036   0.06374         0    0.1541        26       320    0.7057    0.7417    0.7451    0.2151   0.08874   0.05399         0
    76/299    0.602G   0.09343    0.0539         0    0.1473        12       320    0.7566    0.6993    0.7749    0.2459   0.08864   0.05319         0
    77/299    0.602G    0.0954   0.05939         0    0.1548        24       320    0.7287    0.7163     0.784    0.2394   0.08821   0.05199         0
    78/299    0.602G   0.09591   0.06073         0    0.1566        30       320      0.65    0.8665    0.7802    0.2374   0.08785   0.05173         0
    79/299    0.602G   0.09491   0.05522         0    0.1501        12       320    0.7767    0.7826    0.8227    0.2572   0.08732   0.05088         0
    80/299    0.602G   0.09178   0.05265         0    0.1444        18       320    0.7195    0.7917    0.8138    0.3009    0.0873   0.05117         0
    81/299    0.602G   0.09288   0.05556         0    0.1484        38       320    0.7424     0.825     0.848    0.2873   0.08634   0.05197         0
    82/299    0.602G   0.09702   0.06072         0    0.1577        33       320    0.7365    0.8167    0.8246    0.3075   0.08652   0.05189         0
    83/299    0.602G   0.09684   0.06027         0    0.1571        15       320    0.8078     0.775    0.8336    0.3093   0.08599   0.05288         0
    84/299    0.602G    0.0899   0.06424         0    0.1541        39       320    0.8062    0.8319    0.8507    0.3339   0.08558   0.05163         0
    85/299    0.602G   0.09492   0.05755         0    0.1525         9       320    0.7891     0.875    0.8566    0.3245   0.08528   0.05186         0
    86/299    0.602G   0.09097   0.05957         0    0.1505        25       320    0.7871    0.9241    0.8689    0.3553   0.08487   0.05011         0
    87/299    0.602G    0.0874   0.05305         0    0.1404        13       320    0.7697    0.8914    0.8783    0.3291   0.08455   0.04923         0
    88/299    0.602G   0.08832   0.07048         0    0.1588        73       320    0.7812    0.8332     0.845     0.306   0.08458   0.04958         0
    89/299    0.602G   0.08923   0.05836         0    0.1476        38       320     0.784    0.9074    0.8722     0.324   0.08434   0.04912         0
    90/299    0.602G   0.08802   0.05303         0    0.1411         5       320    0.8193    0.9083    0.8856    0.3367   0.08398   0.04978         0
    91/299    0.602G   0.09038   0.05095         0    0.1413        18       320    0.7898    0.9083    0.8794    0.3524    0.0841   0.04962         0
    92/299    0.602G   0.08881   0.05752         0    0.1463        28       320    0.8149    0.8807    0.8891    0.3807   0.08351   0.05038         0
    93/299    0.602G   0.08536   0.05331         0    0.1387        14       320    0.8344    0.8833     0.896    0.3128    0.0843   0.05052         0
    94/299    0.602G   0.08815   0.06936         0    0.1575        69       320    0.8319    0.8661    0.8962    0.3412   0.08417   0.04939         0
    95/299    0.602G    0.0897   0.05163         0    0.1413         8       320    0.8188    0.8667    0.8861     0.337   0.08346   0.04965         0
    96/299    0.602G   0.08915   0.06639         0    0.1555        72       320    0.8412    0.8826    0.9092    0.3649    0.0827   0.05008         0
    97/299    0.602G    0.0866   0.06838         0     0.155        61       320    0.8424    0.8917     0.912    0.3652   0.08188   0.05098         0
    98/299    0.602G   0.08597   0.05233         0    0.1383        26       320     0.861    0.8917    0.9235    0.3801   0.08122   0.05005         0
    99/299    0.602G    0.0887   0.05766         0    0.1464        43       320    0.8433       0.9    0.9176    0.3913    0.0813   0.04911         0
   100/299    0.602G   0.08796   0.05197         0    0.1399         6       320    0.8819     0.875    0.9275    0.3888   0.08101    0.0479         0
   101/299    0.602G   0.09263   0.05948         0    0.1521        30       320    0.8238       0.9    0.9245    0.3934   0.08084   0.04784         0
   102/299    0.602G   0.08929   0.05604         0    0.1453        10       320    0.8346    0.9249    0.9234    0.3989   0.08035   0.04901         0
   103/299    0.602G   0.09094   0.05986         0    0.1508        27       320    0.8207    0.9167    0.9005    0.4102   0.08029   0.04857         0
   104/299    0.602G   0.08519   0.05352         0    0.1387         7       320      0.79    0.9417    0.8993    0.4034   0.08002   0.04769         0
   105/299    0.602G   0.08346   0.05338         0    0.1368        18       320    0.8524    0.8662    0.8948    0.3321    0.0803   0.04814         0
   106/299    0.602G   0.08396   0.05846         0    0.1424        31       320    0.8908    0.8167    0.9029     0.354   0.07962   0.04743         0
   107/299    0.602G   0.09028   0.05189         0    0.1422        12       320    0.8228    0.8917    0.8899    0.3454   0.07973   0.04845         0
   108/299    0.602G   0.09192   0.07186         0    0.1638        46       320    0.8545    0.8833    0.8962    0.3858   0.07893   0.04876         0
   109/299    0.602G    0.0834    0.0473         0    0.1307         7       320    0.8859    0.8412    0.8754    0.4086    0.0788   0.04849         0
   110/299    0.602G   0.08578   0.06019         0     0.146        17       320    0.8346    0.8833    0.8625    0.3794   0.07977   0.04958         0
   111/299    0.602G   0.09079   0.05504         0    0.1458        10       320    0.8337    0.8417    0.8424     0.175   0.08225   0.04876         0
   112/299    0.602G   0.08047   0.05715         0    0.1376        26       320    0.9285    0.8658    0.9242    0.4182   0.07902    0.0477         0
   113/299    0.602G   0.08892   0.05194         0    0.1409         5       320     0.862    0.8917    0.9147    0.3188    0.0817   0.04767         0
   114/299    0.602G   0.08265   0.05249         0    0.1351        27       320    0.8898    0.9417    0.9449    0.3882    0.0789   0.04704         0
   115/299    0.602G   0.08304   0.06092         0     0.144        35       320    0.9002    0.9167    0.9496    0.3849   0.07911   0.04846         0
   116/299    0.602G   0.08911   0.05388         0     0.143        54       320    0.9401    0.9154    0.9542    0.3616   0.07918    0.0467         0
   117/299    0.602G   0.08392   0.05765         0    0.1416        43       320    0.9161    0.9167     0.934    0.3868   0.07838    0.0461         0
   118/299    0.602G   0.08514   0.05619         0    0.1413        45       320    0.8514     0.907    0.9189    0.3204   0.07886   0.04674         0
   119/299    0.602G   0.08355    0.0469         0    0.1305         5       320    0.7954    0.8749    0.8656    0.2323    0.0811   0.04799         0
   120/299    0.602G   0.09018   0.05468         0    0.1449        20       320    0.8523    0.9167    0.9003    0.4375    0.0777   0.04859         0
   121/299    0.602G   0.08808   0.05883         0    0.1469        39       320    0.8682    0.9333    0.9332    0.4365   0.07747   0.04994         0
   122/299    0.602G   0.08476    0.0541         0    0.1389         3       320    0.9329    0.9333    0.9566      0.46   0.07715   0.04856         0
   123/299    0.602G    0.0851    0.0524         0    0.1375         6       320    0.8837    0.9499    0.9388    0.4338   0.07687   0.04701         0
   124/299    0.602G     0.084   0.05478         0    0.1388        18       320    0.8867    0.9167    0.9237    0.3833   0.07794   0.04659         0
   125/299    0.602G   0.08816   0.05617         0    0.1443        24       320    0.9032     0.933    0.9421    0.4386   0.07689   0.04588         0
   126/299    0.602G   0.08636   0.05813         0    0.1445        26       320    0.8618    0.8833    0.9173    0.3979   0.07728   0.04564         0
   127/299    0.602G   0.08179   0.06706         0    0.1488        51       320    0.8819    0.8833    0.9227    0.4023   0.07723   0.04684         0
   128/299    0.602G   0.08376    0.0503         0    0.1341         5       320     0.857    0.9167    0.9227     0.405   0.07694   0.04505         0
   129/299    0.602G     0.084    0.0509         0    0.1349         7       320    0.8826    0.9395    0.9494    0.4137   0.07666   0.04492         0
   130/299    0.602G   0.08733   0.05967         0     0.147        30       320    0.8739    0.9238    0.9495    0.4492   0.07656   0.04462         0
   131/299    0.602G   0.08446   0.05348         0    0.1379        41       320    0.8923    0.9667    0.9474    0.3553   0.07762   0.04508         0
   132/299    0.602G   0.09183   0.04724         0    0.1391         2       320    0.8857     0.975    0.9572    0.4422   0.07606   0.04485         0
   133/299    0.602G   0.08787   0.06273         0    0.1506        26       320    0.8928     0.975    0.9532    0.4186   0.07705   0.04529         0
   134/299    0.602G     0.084   0.05492         0    0.1389        11       320    0.9286    0.9749    0.9577    0.4365   0.07661   0.04523         0
   135/299    0.602G    0.0858    0.0464         0    0.1322         6       320    0.9098    0.9244    0.9427    0.4338   0.07659   0.04594         0
   136/299    0.602G   0.08353   0.04763         0    0.1312         6       320    0.9327     0.925     0.962     0.413   0.07716   0.04624         0
   137/299    0.602G   0.08601   0.05214         0    0.1382        26       320    0.8779    0.9583    0.9638     0.431   0.07596   0.04473         0
   138/299    0.602G   0.08907   0.05581         0    0.1449        26       320    0.8984    0.9581    0.9679    0.4692    0.0761   0.04434         0
   139/299    0.602G   0.07986   0.04788         0    0.1277        32       320    0.7907    0.8814    0.8875    0.2956   0.08116   0.04477         0
   140/299    0.602G   0.08305   0.06929         0    0.1523        57       320     0.865     0.908    0.8721     0.225   0.08173   0.04536         0
   141/299    0.602G   0.08991    0.0477         0    0.1376        12       320    0.8075     0.875    0.8733    0.2967    0.0792   0.04443         0
   142/299    0.602G   0.08151   0.05482         0    0.1363        21       320    0.9467       0.9    0.9636    0.4346   0.07619   0.04378         0
   143/299    0.602G   0.08733   0.04994         0    0.1373        10       320     0.848    0.8833    0.9158    0.3075   0.07924   0.04467         0
   144/299    0.602G   0.07718   0.04639         0    0.1236        13       320    0.9145     0.891    0.9473    0.3912   0.07636   0.04396         0
   145/299    0.602G   0.08519   0.05978         0     0.145        74       320    0.6807    0.7667    0.7244    0.1777   0.07853   0.04575         0
   146/299    0.602G   0.08167   0.04894         0    0.1306        12       320    0.8886    0.9302    0.9488     0.429    0.0767   0.04576         0
   147/299    0.602G   0.08749   0.05662         0    0.1441        26       320    0.6896    0.7083    0.7233    0.2193   0.07811   0.04818         0
   148/299    0.602G   0.07983   0.05005         0    0.1299        19       320    0.6885    0.9417    0.8619    0.3281   0.07837   0.04574         0
   149/299    0.602G    0.0836   0.04907         0    0.1327        32       320    0.6621    0.8833    0.7863    0.2817   0.07679   0.04403         0
   150/299    0.602G   0.08075   0.05718         0    0.1379        42       320    0.8482    0.9333    0.9388    0.4337   0.07521   0.04385         0
   151/299    0.602G   0.08005   0.04926         0    0.1293        15       320    0.7916    0.9497    0.8704    0.2486   0.07828   0.04424         0
   152/299    0.602G   0.08339   0.06962         0     0.153        63       320    0.9224    0.8913     0.948     0.416   0.07496   0.04323         0
   153/299    0.602G   0.08501   0.06204         0    0.1471        24       320    0.8215     0.925    0.8931    0.2817   0.07774   0.04415         0
   154/299    0.602G   0.07918   0.05406         0    0.1332        26       320    0.8934    0.9083    0.9487    0.4275   0.07544    0.0446         0
   155/299    0.602G   0.09198   0.05331         0    0.1453        16       320    0.6726    0.9072    0.7698    0.3065   0.07721   0.04533         0
   156/299    0.602G   0.08408   0.05055         0    0.1346        18       320    0.9212    0.9743    0.9633      0.39   0.07622   0.04489         0
   157/299    0.602G   0.08109   0.05288         0     0.134        26       320    0.8028    0.9083     0.898    0.3115    0.0777   0.04525         0
   158/299    0.602G    0.0817   0.04699         0    0.1287         5       320    0.8835    0.9477    0.9558    0.4867    0.0736   0.04344         0
   159/299    0.602G   0.08335   0.05404         0    0.1374        24       320     0.869    0.9398    0.9413    0.4118   0.07551   0.04365         0
   160/299    0.602G   0.07591   0.05386         0    0.1298        27       320    0.9274    0.9577    0.9599    0.4763    0.0735   0.04306         0
   161/299    0.602G   0.08095   0.05999         0    0.1409        57       320    0.8055    0.9664    0.8999    0.4459   0.07435   0.04313         0
   162/299    0.602G    0.0782   0.05389         0    0.1321        42       320    0.9091    0.9164     0.922    0.3554   0.07628   0.04342         0
   163/299    0.602G   0.08277   0.05723         0      0.14        38       320    0.8176       0.9    0.9113    0.3249   0.07624   0.04331         0
   164/299    0.602G   0.08606   0.05776         0    0.1438        24       320    0.8431    0.9417    0.8908    0.3666   0.07563   0.04321         0
   165/299    0.602G   0.08105   0.05029         0    0.1313        27       320    0.9014    0.9167    0.9449    0.4572   0.07381   0.04285         0
   166/299    0.602G   0.07793   0.05591         0    0.1338        45       320    0.9037      0.95    0.9382    0.4395   0.07414   0.04354         0
   167/299    0.602G   0.08081   0.05199         0    0.1328        29       320    0.9113    0.9416    0.9552    0.4716   0.07323   0.04519         0
   168/299    0.602G   0.08443   0.04705         0    0.1315         8       320    0.9106    0.9333    0.9445    0.4838   0.07271   0.04563         0
   169/299    0.602G    0.0858   0.05024         0     0.136        21       320    0.9098    0.9247    0.9454    0.4305   0.07404   0.04443         0
   170/299    0.602G   0.08139   0.05737         0    0.1388        25       320     0.912    0.9497    0.9563    0.5087   0.07374   0.04251         0
   171/299    0.602G   0.08349   0.05096         0    0.1344        27       320    0.9113    0.9416    0.9543    0.5092   0.07285   0.04245         0
   172/299    0.602G    0.0807   0.05715         0    0.1378        50       320    0.9204    0.9667    0.9544    0.5074   0.07313   0.04228         0
   173/299    0.602G   0.08318   0.04688         0    0.1301        12       320    0.9277    0.9667     0.962    0.4674   0.07393   0.04284         0
   174/299    0.602G   0.07846   0.05443         0    0.1329        29       320    0.9137     0.975    0.9624    0.5171   0.07251   0.04286         0
   175/299    0.602G   0.08162   0.04931         0    0.1309         9       320     0.914    0.9746    0.9635    0.5227   0.07263   0.04319         0
   176/299    0.602G   0.07713   0.05098         0    0.1281        35       320    0.8984    0.9582    0.9593    0.4705   0.07352   0.04355         0
   177/299    0.602G   0.08187   0.06621         0    0.1481        26       320    0.9199    0.9667    0.9663    0.3923   0.07457    0.0436         0
   178/299    0.602G   0.07803   0.05211         0    0.1301        21       320    0.9409      0.95    0.9669     0.534   0.07217    0.0423         0
   179/299    0.602G   0.07812   0.04524         0    0.1234        12       320    0.9576    0.9412    0.9658    0.4889   0.07286   0.04266         0
   180/299    0.602G   0.08013   0.06117         0    0.1413        26       320    0.9489    0.9333    0.9626    0.5066   0.07289   0.04244         0
   181/299    0.602G   0.08186    0.0565         0    0.1384        22       320    0.9177    0.9333    0.9519    0.5125   0.07273   0.04278         0
   182/299    0.602G   0.08084   0.03938         0    0.1202         9       320    0.9496    0.9412    0.9666    0.5399   0.07205   0.04213         0
   183/299    0.602G    0.0821   0.06313         0    0.1452        29       320     0.928    0.9665    0.9686    0.5631   0.07156   0.04216         0
   184/299    0.602G    0.0813   0.05451         0    0.1358        21       320    0.9354    0.9667    0.9682    0.5597   0.07132   0.04174         0
   185/299    0.602G   0.08325   0.04914         0    0.1324        14       320    0.8912    0.9583    0.9557    0.4999   0.07298   0.04223         0
   186/299    0.602G    0.0793    0.0451         0    0.1244        12       320    0.9055    0.9579    0.9623    0.5411   0.07147   0.04192         0
   187/299    0.602G   0.07436   0.05758         0    0.1319        43       320    0.9267    0.9482    0.9627    0.5118    0.0717   0.04218         0
   188/299    0.602G   0.08066   0.04983         0    0.1305        15       320    0.9338     0.941    0.9628    0.5537   0.07113   0.04191         0
   189/299    0.602G   0.08194   0.04745         0    0.1294        18       320    0.9191      0.95    0.9633    0.5337   0.07168   0.04217         0
   190/299    0.602G   0.07827   0.04979         0    0.1281        53       320     0.913    0.9667    0.9635    0.5033   0.07209   0.04181         0
   191/299    0.602G   0.07973   0.06228         0     0.142        74       320    0.9134    0.9666    0.9629    0.5477   0.07153   0.04199         0
   192/299    0.602G   0.07877   0.05557         0    0.1343        62       320    0.9274    0.9582    0.9631    0.5482   0.07132   0.04173         0
   193/299    0.602G   0.07785   0.04877         0    0.1266        23       320    0.9275    0.9667    0.9654    0.5043   0.07246   0.04185         0
   194/299    0.602G   0.08146   0.04828         0    0.1297        13       320    0.9217    0.9833    0.9703    0.5455     0.071   0.04165         0
   195/299    0.602G   0.08206   0.06349         0    0.1456        26       320    0.9291    0.9832    0.9713    0.5273   0.07128   0.04197         0
   196/299    0.602G   0.07481   0.05366         0    0.1285        41       320    0.9364    0.9833    0.9756    0.5671   0.07081   0.04192         0
   197/299    0.602G   0.07759   0.04196         0    0.1196         2       320    0.9439    0.9822    0.9769      0.57   0.07064   0.04172         0
   198/299    0.602G   0.07434     0.052         0    0.1263        26       320    0.9435    0.9745    0.9779    0.5757   0.07077   0.04186         0
   199/299    0.602G   0.08036   0.05362         0     0.134        21       320     0.944    0.9833    0.9784    0.5605   0.07088    0.0418         0
   200/299    0.602G   0.07976   0.04712         0    0.1269         7       320    0.9431     0.975    0.9776    0.5731   0.07063   0.04203         0
   201/299    0.602G   0.07725   0.04861         0    0.1259        42       320    0.9433     0.975    0.9768    0.5752   0.07062   0.04148         0
   202/299    0.602G   0.07886   0.04879         0    0.1277         9       320    0.9435     0.975    0.9767    0.5692   0.07069   0.04141         0
   203/299    0.602G   0.07858   0.04965         0    0.1282         3       320    0.9432     0.975    0.9774    0.5679   0.07061   0.04162         0
   204/299    0.602G   0.07644   0.04905         0    0.1255        27       320    0.9514    0.9833    0.9774    0.5665   0.07134   0.04188         0
   205/299    0.602G   0.07891   0.05426         0    0.1332        63       320    0.9516    0.9831    0.9765    0.5427    0.0712   0.04192         0
   206/299    0.602G   0.07899   0.05294         0    0.1319        60       320    0.9516     0.983    0.9766    0.5697   0.07061    0.0414         0
   207/299    0.602G   0.07909   0.05514         0    0.1342        26       320    0.9444    0.9915    0.9776    0.5694    0.0708   0.04096         0
   208/299    0.602G   0.07517   0.04707         0    0.1222        16       320    0.9351    0.9667    0.9758    0.5651   0.07056   0.04123         0
   209/299    0.602G   0.08039   0.06282         0    0.1432        31       320    0.9356     0.975    0.9762    0.5847   0.07062    0.0408         0
   210/299    0.602G   0.07831   0.06369         0     0.142        75       320    0.9432     0.975    0.9762    0.5849    0.0704    0.0413         0
   211/299    0.602G   0.07508   0.05561         0    0.1307        59       320    0.9435    0.9748    0.9764      0.59   0.07018   0.04126         0
   212/299    0.602G   0.08187   0.05243         0    0.1343        12       320     0.943    0.9659    0.9743    0.5947   0.07014    0.0415         0
   213/299    0.602G   0.07792   0.05085         0    0.1288        62       320      0.95      0.95    0.9721    0.5817    0.0702   0.04129         0
   214/299    0.602G   0.07283   0.04487         0    0.1177         2       320    0.9268      0.95     0.967    0.5882   0.06995   0.04155         0
   215/299    0.602G   0.07827   0.04358         0    0.1218         9       320    0.9339      0.95    0.9668      0.58   0.07002   0.04148         0
   216/299    0.602G   0.07725   0.07051         0    0.1478        61       320    0.9347    0.9583    0.9697    0.5841   0.06989   0.04093         0
   217/299    0.602G   0.07951   0.05229         0    0.1318        18       320    0.9274    0.9582    0.9706    0.5513   0.07045   0.04099         0
   218/299    0.602G   0.07936   0.06328         0    0.1426        92       320    0.9349     0.958    0.9688    0.5867   0.06974   0.04112         0
   219/299    0.602G    0.0718    0.0453         0    0.1171        14       320    0.9423    0.9583    0.9739    0.5589   0.06999   0.04142         0
   220/299    0.602G    0.0725   0.04735         0    0.1199        12       320    0.9426    0.9583     0.976     0.548   0.06997   0.04163         0
   221/299    0.602G   0.07331   0.04812         0    0.1214        28       320     0.928    0.9662    0.9751    0.5775   0.06979   0.04173         0
   222/299    0.602G   0.07706    0.0455         0    0.1226         1       320    0.9425    0.9583     0.977    0.5772   0.06963   0.04119         0
   223/299    0.602G   0.07204   0.03911         0    0.1111         2       320    0.9347    0.9583    0.9765    0.5922   0.06946   0.04094         0
   224/299    0.602G   0.07316   0.04647         0    0.1196         3       320    0.9291     0.983     0.978    0.5803   0.06968     0.041         0
   225/299    0.602G   0.07986   0.05382         0    0.1337        34       320    0.9144    0.9833    0.9743    0.5873   0.06967   0.04099         0
   226/299    0.602G   0.07197   0.04517         0    0.1171         3       320    0.9217    0.9833    0.9742    0.5793    0.0695   0.04067         0
   227/299    0.602G   0.06931   0.04884         0    0.1181        18       320     0.937    0.9916    0.9757    0.5758   0.06969    0.0411         0
   228/299    0.602G   0.08107   0.04259         0    0.1237        12       320    0.9504    0.9578    0.9715    0.5822   0.06963   0.04094         0
   229/299    0.602G   0.07544   0.04664         0    0.1221         6       320    0.9363    0.9833    0.9732    0.5806   0.06952   0.04114         0
   230/299    0.602G    0.0761   0.07252         0    0.1486        83       320    0.9365    0.9833    0.9737    0.5812    0.0694   0.04087         0
   231/299    0.602G    0.0745   0.04696         0    0.1215         6       320    0.9296    0.9917    0.9759    0.5883   0.06933   0.04058         0
   232/299    0.602G    0.0771    0.0499         0     0.127        24       320     0.944    0.9833    0.9784    0.5902   0.06949   0.04087         0
   233/299    0.602G   0.06981   0.04517         0     0.115         2       320    0.9435     0.975    0.9786    0.5797    0.0693     0.041         0
   234/299    0.602G   0.08053   0.04785         0    0.1284        15       320    0.9434     0.975     0.979    0.5891   0.06934   0.04143         0
   235/299    0.602G   0.07514   0.04681         0     0.122        13       320    0.9435     0.975    0.9779     0.571   0.06988   0.04161         0
   236/299    0.602G    0.0831    0.0434         0    0.1265        16       320    0.9297    0.9916    0.9799    0.5907   0.06936   0.04107         0
   237/299    0.602G   0.07199   0.05529         0    0.1273        78       320    0.9432     0.975    0.9796    0.5784   0.06933   0.04068         0
   238/299    0.602G   0.07613   0.05389         0      0.13        32       320    0.9365    0.9833    0.9792    0.5856   0.06934   0.04056         0
   239/299    0.602G   0.07154   0.04194         0    0.1135        13       320    0.9362    0.9833    0.9787     0.572   0.06941   0.04066         0
   240/299    0.602G   0.07782   0.05574         0    0.1336        23       320    0.9291    0.9823    0.9771    0.5669   0.06953   0.04073         0
   241/299    0.602G   0.07634   0.06321         0    0.1396        77       320    0.9223    0.9917    0.9765    0.5804   0.06929   0.04036         0
   242/299    0.602G   0.07407   0.04577         0    0.1198        21       320    0.9218    0.9824    0.9751    0.5701   0.06924   0.04068         0
   243/299    0.602G   0.07546   0.04514         0    0.1206         7       320    0.9138     0.975    0.9737    0.5547   0.06939   0.04072         0
   244/299    0.602G   0.07753   0.05737         0    0.1349        30       320     0.914    0.9748    0.9723    0.5733   0.06907   0.04036         0
   245/299    0.602G     0.075   0.04443         0    0.1194        32       320    0.9211     0.975     0.973    0.5837   0.06888   0.04032         0
   246/299    0.602G   0.07684   0.05208         0    0.1289        21       320    0.9407    0.9417     0.972     0.569   0.06898   0.04043         0
   247/299    0.602G   0.07756   0.05447         0     0.132        35       320    0.9219    0.9832    0.9739    0.5661   0.06907    0.0406         0
   248/299    0.602G   0.07295   0.05169         0    0.1246        32       320      0.95    0.9499     0.974    0.5857   0.06888   0.04056         0
   249/299    0.602G   0.07655   0.04654         0    0.1231        14       320    0.9425    0.9583    0.9741    0.5867   0.06887   0.04035         0
   250/299    0.602G   0.07977   0.05268         0    0.1325        19       320    0.9504    0.9583    0.9743    0.5826   0.06904   0.04038         0
   251/299    0.602G   0.07687   0.05444         0    0.1313        21       320    0.9501    0.9583    0.9757    0.5919   0.06882   0.04036         0
   252/299    0.602G   0.07644   0.04494         0    0.1214         8       320    0.9426    0.9583    0.9774    0.6038   0.06894   0.04059         0
   253/299    0.602G   0.07493   0.04703         0     0.122        28       320    0.9349    0.9583    0.9774    0.6066   0.06907   0.04067         0
   254/299    0.602G    0.0721   0.04589         0     0.118        41       320    0.9273    0.9583    0.9763    0.6012   0.06895   0.04045         0
   255/299    0.602G   0.07338   0.04369         0    0.1171         3       320    0.9347    0.9583    0.9762    0.6044   0.06885    0.0405         0
   256/299    0.602G   0.07523   0.04307         0    0.1183        14       320    0.9489    0.9333    0.9752    0.5996   0.06892   0.04059         0
   257/299    0.602G   0.07517   0.04562         0    0.1208        32       320    0.9421      0.95    0.9753    0.6003   0.06891    0.0404         0
   258/299    0.602G   0.07475   0.04189         0    0.1166        13       320    0.9344      0.95    0.9753     0.603   0.06887   0.04063         0
   259/299    0.602G   0.07536   0.04578         0    0.1211        38       320    0.9349    0.9579    0.9757    0.5994   0.06874   0.04041         0
   260/299    0.602G   0.07653   0.04815         0    0.1247        24       320    0.9349     0.958    0.9753    0.5957   0.06867   0.04056         0
   261/299    0.602G    0.0635   0.04348         0     0.107         0       320    0.9283     0.975     0.976    0.6023   0.06854   0.04028         0
   262/299    0.602G   0.08035    0.0595         0    0.1398        29       320    0.9431    0.9667    0.9758    0.5907   0.06859   0.04054         0
   263/299    0.602G   0.07714   0.05262         0    0.1298        71       320    0.9296    0.9903    0.9764    0.5921   0.06855   0.04043         0
   264/299    0.602G   0.07718   0.06357         0    0.1408        83       320    0.9286     0.975     0.975    0.5925   0.06854   0.04046         0
   265/299    0.602G   0.07015   0.04689         0     0.117        26       320    0.9154    0.9916    0.9748    0.5808   0.06893   0.04054         0
   266/299    0.602G   0.07308   0.04357         0    0.1167        12       320     0.915    0.9917    0.9746    0.5736   0.06917   0.04067         0
   267/299    0.602G   0.07871   0.04446         0    0.1232        19       320    0.9354    0.9656    0.9743    0.5926   0.06858    0.0402         0
   268/299    0.602G   0.07812   0.05449         0    0.1326        26       320    0.9219    0.9832    0.9749    0.5952   0.06867   0.04016         0
   269/299    0.602G   0.07811    0.0497         0    0.1278        25       320    0.9225    0.9915    0.9746    0.6013   0.06852   0.04032         0
   270/299    0.602G   0.07727   0.04736         0    0.1246         6       320    0.9154    0.9917    0.9736    0.5966    0.0686    0.0401         0
   271/299    0.602G   0.07825   0.04179         0      0.12        10       320    0.9151    0.9917    0.9734    0.5899   0.06856   0.04008         0
   272/299    0.602G   0.07073   0.04956         0    0.1203        45       320    0.9223    0.9917    0.9729    0.5554   0.06927   0.04036         0
   273/299    0.602G    0.0771   0.06048         0    0.1376        69       320    0.9084    0.9914    0.9721    0.5777   0.06878   0.04018         0
   274/299    0.602G   0.07296   0.04264         0    0.1156         2       320    0.9154    0.9916    0.9724    0.5861   0.06861   0.04008         0
   275/299    0.602G   0.07256   0.05152         0    0.1241        34       320    0.9075    0.9917    0.9726    0.5935   0.06854   0.04015         0
   276/299    0.602G   0.07099   0.04603         0     0.117        48       320    0.9194    0.9667    0.9732    0.5896    0.0685   0.04006         0
   277/299    0.602G   0.07444   0.04525         0    0.1197         8       320    0.9203    0.9667    0.9739    0.5954   0.06849   0.04018         0
   278/299    0.602G   0.07265   0.04178         0    0.1144         6       320    0.9144    0.9833     0.974    0.5882   0.06846   0.04016         0
   279/299    0.602G   0.07596   0.05364         0    0.1296        74       320    0.9213    0.9749    0.9748    0.5852   0.06855   0.04017         0
   280/299    0.602G   0.07547   0.05134         0    0.1268        30       320    0.9279    0.9667    0.9747    0.5921   0.06847   0.04018         0
   281/299    0.602G    0.0776   0.05402         0    0.1316        71       320    0.9201    0.9667    0.9744    0.5987   0.06837    0.0401         0
   282/299    0.602G   0.07066   0.04267         0    0.1133        17       320    0.9203    0.9667    0.9749    0.5951   0.06835   0.04007         0
   283/299    0.602G   0.07378   0.04655         0    0.1203         3       320    0.9276    0.9667    0.9759    0.5863   0.06856   0.04037         0
   284/299    0.602G    0.0751   0.05119         0    0.1263        39       320    0.9286    0.9749    0.9774     0.593   0.06841   0.03999         0
   285/299    0.602G   0.06536   0.04738         0    0.1127         0       320    0.9285     0.975    0.9776    0.6015   0.06835   0.03991         0
   286/299    0.602G   0.07745    0.0552         0    0.1326        35       320    0.9419    0.9667    0.9778    0.5928   0.06845   0.03996         0
   287/299    0.602G   0.07534   0.05745         0    0.1328        43       320    0.9345    0.9583     0.977    0.6008   0.06852   0.04004         0
   288/299    0.602G   0.07561   0.04987         0    0.1255        18       320    0.9421    0.9583    0.9759    0.5926   0.06848   0.04016         0
   289/299    0.602G   0.07319   0.04275         0    0.1159         6       320    0.9425    0.9583    0.9755    0.5916   0.06846   0.04041         0
   290/299    0.602G   0.07455   0.04004         0    0.1146         5       320    0.9426    0.9583    0.9741    0.5986   0.06846   0.04041         0
   291/299    0.602G   0.07127    0.0455         0    0.1168         8       320    0.9425    0.9583     0.974    0.5954   0.06838   0.04068         0
   292/299    0.602G   0.07464   0.04046         0    0.1151         3       320    0.9424    0.9583    0.9729    0.5989   0.06832   0.04041         0
   293/299    0.602G   0.07825   0.05369         0    0.1319        20       320    0.9426    0.9583    0.9729    0.6026   0.06831   0.04053         0
   294/299    0.602G   0.07243   0.04194         0    0.1144         3       320    0.9426    0.9583    0.9723     0.608   0.06834   0.04048         0
   295/299    0.602G   0.07628   0.07155         0    0.1478        43       320    0.9424    0.9583    0.9723    0.6005    0.0683   0.04035         0
   296/299    0.602G   0.07478   0.05011         0    0.1249        32       320    0.9425    0.9583    0.9727     0.597   0.06824   0.04006         0
   297/299    0.602G   0.07644   0.05297         0    0.1294        26       320    0.9425    0.9583    0.9731    0.6055   0.06819   0.04024         0
   298/299    0.602G   0.06927   0.04306         0    0.1123         6       320    0.9504    0.9583    0.9746    0.6084   0.06818   0.04015         0
   299/299    0.602G   0.07404   0.04537         0    0.1194        11       320     0.948    0.9583    0.9751    0.6079   0.06817   0.03992         0
