     0/299    0.602G    0.1388     1.094         0     1.233         7       320   0.00203  0.008333 1.298e-05 1.298e-06    0.1403    0.6433         0
     1/299    0.602G    0.1396    0.3978         0    0.5374        28       320         0         0         0         0    0.1399    0.1419         0
     2/299    0.602G    0.1366     0.129         0    0.2655        21       320         0         0         0         0    0.1386   0.07937         0
     3/299    0.602G    0.1362   0.09135         0    0.2275        35       320         0         0         0         0    0.1372   0.06518         0
     4/299    0.602G    0.1286    0.0772         0    0.2058        47       320         0         0         0         0    0.1362   0.05942         0
     5/299    0.602G    0.1353    0.0715         0    0.2068        26       320  0.001401     0.025 4.157e-05 8.828e-06    0.1354   0.05519         0
     6/299    0.602G    0.1264   0.06617         0    0.1926        28       320  0.003042   0.01667 0.0001384 2.008e-05    0.1334   0.05529         0
     7/299    0.602G    0.1303   0.06325         0    0.1936        12       320  0.005113     0.025 0.0002763 3.407e-05     0.131    0.0567         0
     8/299    0.602G    0.1322   0.07294         0    0.2051        26       320  0.003827   0.01667 0.0001837 2.968e-05    0.1298   0.05691         0
     9/299    0.602G    0.1162   0.05898         0    0.1752        52       320  0.006953   0.03333 0.0004034 7.121e-05    0.1284    0.0584         0
    10/299    0.602G    0.1239   0.06365         0    0.1876        39       320   0.01378       0.3  0.004675 0.0007879    0.1228   0.06535         0
    11/299    0.602G     0.123     0.067         0      0.19        35       320   0.03471   0.08333   0.01207  0.002178    0.1212   0.06605         0
    12/299    0.602G    0.1224   0.06814         0    0.1905        68       320   0.05176      0.15   0.02356  0.004201    0.1199   0.06479         0
    13/299    0.602G    0.1265   0.05981         0    0.1863         2       320   0.05944    0.2167   0.03462  0.006801    0.1186   0.06484         0
    14/299    0.602G    0.1179   0.06616         0     0.184        20       320   0.07163    0.1333   0.03924  0.005711    0.1179    0.0638         0
    15/299    0.602G     0.112   0.06294         0     0.175        41       320   0.09826      0.15   0.05468   0.00762     0.116   0.06469         0
    16/299    0.602G    0.1023   0.05654         0    0.1588         0       320   0.05941    0.2417    0.0399  0.007019    0.1162   0.06294         0
    17/299    0.602G    0.1147   0.06899         0    0.1837        53       320   0.05988    0.5333    0.0452  0.009262    0.1148   0.06403         0
    18/299    0.602G    0.1154   0.06336         0    0.1787        33       320    0.0939    0.3083   0.06246   0.01037    0.1148   0.06306         0
    19/299    0.602G    0.1205   0.07189         0    0.1924        25       320   0.09521     0.225   0.06705   0.01191    0.1133   0.06324         0
    20/299    0.602G    0.1187   0.07388         0    0.1925        28       320    0.1217     0.225    0.0813   0.01468    0.1115   0.06379         0
    21/299    0.602G     0.117   0.06581         0    0.1828        15       320   0.08512    0.4083   0.08122   0.01383    0.1112   0.06288         0
    22/299    0.602G    0.1111    0.0598         0    0.1709        40       320   0.09975    0.4164   0.08298   0.01413    0.1108   0.06182         0
    23/299    0.602G    0.1146   0.05049         0    0.1651         3       320     0.131    0.2298   0.08443   0.01697    0.1112   0.05971         0
    24/299    0.602G    0.1111   0.06811         0    0.1792        77       320     0.131    0.3583     0.119    0.0239    0.1123   0.05788         0
    25/299    0.602G    0.1146   0.06177         0    0.1764        27       320    0.2615    0.1917    0.1306   0.02775    0.1106   0.05847         0
    26/299    0.602G    0.1141   0.05589         0      0.17        12       320    0.1809    0.5083    0.1599   0.02797    0.1091   0.05865         0
    27/299    0.602G    0.1128   0.07478         0    0.1875        26       320    0.2395    0.3167    0.1636   0.03183    0.1079   0.05889         0
    28/299    0.602G    0.1061    0.0723         0    0.1784        38       320    0.2619    0.3333    0.1738   0.03742    0.1072   0.05908         0
    29/299    0.602G    0.1046   0.06476         0    0.1694        35       320    0.3162     0.375    0.2246    0.0471    0.1067   0.05841         0
    30/299    0.602G    0.1133   0.05276         0     0.166         1       320    0.3139     0.408    0.2586   0.05143    0.1058   0.05769         0
    31/299    0.602G    0.1053    0.0669         0    0.1722        50       320    0.3212    0.5917    0.3068   0.05694    0.1044   0.05808         0
    32/299    0.602G     0.109    0.0592         0    0.1682        12       320    0.3591    0.5416    0.3218   0.06557    0.1029   0.05821         0
    33/299    0.602G     0.108   0.07109         0    0.1791        24       320    0.3582    0.6326    0.3745   0.07976    0.1021   0.05838         0
    34/299    0.602G   0.08987   0.04732         0    0.1372         0       320    0.5082    0.4908    0.4241   0.08925     0.101   0.05625         0
    35/299    0.602G    0.1084   0.05993         0    0.1684        19       320     0.439    0.7333    0.4956     0.114    0.1003   0.05613         0
    36/299    0.602G    0.1065    0.0584         0    0.1649        24       320     0.463    0.6333    0.4661    0.1083    0.1005   0.05617         0
    37/299    0.602G    0.1058   0.05941         0    0.1652        21       320    0.4741    0.6985    0.5196    0.1357   0.09961   0.05587         0
    38/299    0.602G    0.1047    0.0568         0    0.1615        16       320    0.5608       0.6    0.5143    0.1246   0.09926   0.05526         0
    39/299    0.602G    0.1016   0.06318         0    0.1648        74       320    0.5957    0.6417    0.5584    0.1393   0.09873   0.05582         0
    40/299    0.602G    0.1067   0.06268         0    0.1694        25       320    0.5792    0.6667    0.5768    0.1545   0.09863   0.05632         0
    41/299    0.602G   0.09883   0.06122         0      0.16        42       320     0.594    0.6917    0.5647     0.145    0.0981   0.05656         0
    42/299    0.602G   0.09668   0.05539         0    0.1521        25       320     0.618    0.7167    0.6199    0.1615   0.09741   0.05462         0
    43/299    0.602G   0.09501   0.08272         0    0.1777        65       320      0.59    0.7333    0.5885    0.1638   0.09665   0.05419         0
    44/299    0.602G   0.09536   0.05149         0    0.1469         6       320    0.6124     0.725    0.6116    0.1847   0.09629    0.0538         0
    45/299    0.602G   0.09451   0.05475         0    0.1493        30       320    0.6026    0.7583    0.6154    0.1817   0.09602    0.0537         0
    46/299    0.602G    0.1003   0.06515         0    0.1654        21       320      0.62    0.8159    0.6437    0.1879   0.09508   0.05525         0
    47/299    0.602G   0.09534   0.05723         0    0.1526        37       320    0.6369    0.7749    0.6542    0.2072   0.09405   0.05341         0
    48/299    0.602G   0.08215   0.05384         0     0.136         0       320    0.6612    0.8167     0.698    0.2181   0.09403   0.05234         0
    49/299    0.602G    0.1002   0.06798         0    0.1682        39       320    0.7105       0.8    0.7399    0.2579    0.0931   0.05308         0
    50/299    0.602G   0.09941   0.05245         0    0.1519         7       320    0.7252    0.7915    0.7455    0.2631   0.09269   0.05285         0
    51/299    0.602G   0.09419   0.05851         0    0.1527        45       320    0.6253      0.85    0.6873    0.2468   0.09363   0.05178         0
    52/299    0.602G   0.09741   0.05468         0    0.1521        22       320    0.7227    0.7833    0.7426    0.2975   0.09216    0.0519         0
    53/299    0.602G   0.09785   0.06069         0    0.1585        18       320    0.7293    0.8083    0.7603    0.2927   0.09117   0.05223         0
    54/299    0.602G   0.09459   0.07207         0    0.1667        74       320    0.6908    0.8583    0.7119    0.2883   0.09074   0.05428         0
    55/299    0.602G    0.0914   0.05499         0    0.1464        11       320    0.6731    0.8578    0.6812    0.2599   0.09053   0.05641         0
    56/299    0.602G   0.08948     0.059         0    0.1485        25       320    0.6752    0.8667    0.7253    0.2905   0.09037   0.05437         0
    57/299    0.602G    0.0923    0.0572         0    0.1495        23       320    0.6841      0.85    0.7277    0.2786   0.08976   0.05273         0
    58/299    0.602G   0.08993   0.05322         0    0.1431        11       320    0.7442    0.8486    0.7491    0.3359   0.08907   0.05196         0
    59/299    0.602G   0.09082   0.05031         0    0.1411         7       320    0.7446     0.875    0.7859    0.2944   0.08889   0.05161         0
    60/299    0.602G   0.08729   0.06175         0     0.149        37       320    0.8315    0.7833     0.799    0.2374   0.08996   0.05183         0
    61/299    0.602G   0.09134   0.06884         0    0.1602        51       320    0.7636    0.8917    0.8278    0.3593   0.08865   0.05308         0
    62/299    0.602G    0.0873   0.05722         0    0.1445        26       320    0.7597       0.9    0.8121     0.356   0.08893   0.05194         0
    63/299    0.602G   0.08734   0.05624         0    0.1436        15       320    0.7218     0.875    0.7922    0.3186   0.08826   0.05178         0
    64/299    0.602G   0.09461   0.05448         0    0.1491        14       320    0.7477    0.8891    0.7973    0.3079   0.08777   0.05306         0
    65/299    0.602G   0.09026   0.06586         0    0.1561        73       320    0.7938       0.9    0.8611    0.4005   0.08669   0.04973         0
    66/299    0.602G   0.08841   0.05375         0    0.1422        25       320    0.6382     0.825    0.6269    0.1664   0.08915   0.04983         0
    67/299    0.602G   0.09467   0.06005         0    0.1547        26       320    0.6512    0.7333    0.6443    0.1279   0.08971    0.0493         0
    68/299    0.602G   0.08993   0.05454         0    0.1445        20       320    0.7035    0.8897    0.7948    0.2424   0.08682   0.04848         0
    69/299    0.602G   0.09591   0.05154         0    0.1475        13       320    0.7334    0.7167    0.7501    0.2494   0.08747   0.04922         0
    70/299    0.602G   0.08761   0.06253         0    0.1501        57       320    0.8167    0.8911    0.8597    0.3125   0.08696   0.04895         0
    71/299    0.602G    0.0866   0.05399         0    0.1406        38       320    0.8226    0.9333    0.9126    0.4353   0.08541    0.0471         0
    72/299    0.602G   0.08997   0.06465         0    0.1546        61       320    0.8194    0.9075    0.8976       0.4   0.08475   0.04792         0
    73/299    0.602G   0.08605   0.05673         0    0.1428        27       320    0.6755       0.8     0.691    0.1482   0.08761   0.05325         0
    74/299    0.602G   0.08521   0.05145         0    0.1367         7       320    0.7347    0.8083     0.737    0.1515   0.08667   0.05011         0
    75/299    0.602G   0.08779    0.0608         0    0.1486        26       320    0.6259    0.7833    0.6225    0.1281   0.08756   0.05178         0
    76/299    0.602G   0.08921   0.05026         0    0.1395        12       320    0.8188    0.8661    0.8884    0.3518   0.08358   0.04895         0
    77/299    0.602G   0.09262   0.05601         0    0.1486        24       320    0.5862    0.8498    0.6506    0.2219   0.08563   0.04736         0
    78/299    0.602G   0.09083    0.0574         0    0.1482        30       320    0.7955    0.9076     0.903    0.4538   0.08257   0.04639         0
    79/299    0.602G   0.09294   0.05126         0    0.1442        12       320     0.789    0.9083    0.8581    0.3995   0.08316   0.04573         0
    80/299    0.602G   0.08743     0.049         0    0.1364        18       320    0.7897      0.85    0.8626    0.3956   0.08393   0.04572         0
    81/299    0.602G   0.08851   0.05173         0    0.1402        38       320    0.7774     0.875    0.8838    0.4577   0.08243   0.04716         0
    82/299    0.602G   0.09063   0.05674         0    0.1474        33       320    0.7897    0.8833    0.8807    0.4429   0.08095   0.04625         0
    83/299    0.602G   0.09143   0.05573         0    0.1472        15       320    0.7114    0.7833    0.7353    0.1882   0.08229   0.05155         0
    84/299    0.602G   0.08578    0.0607         0    0.1465        39       320     0.718      0.85    0.8302    0.2836    0.0819   0.04578         0
    85/299    0.602G   0.09288   0.05384         0    0.1467         9       320     0.866    0.8667    0.9094    0.4346     0.079   0.04577         0
    86/299    0.602G   0.08461   0.05798         0    0.1426        25       320    0.7245       0.9    0.8615    0.3133   0.08086   0.05135         0
    87/299    0.602G   0.08435   0.04901         0    0.1334        13       320    0.9191    0.8583    0.9252    0.3715   0.07911   0.04607         0
    88/299    0.602G   0.08373    0.0665         0    0.1502        73       320    0.8498    0.8485    0.9134    0.4112   0.08125   0.04524         0
    89/299    0.602G   0.08679   0.05321         0      0.14        38       320    0.8971     0.875    0.9274    0.4196   0.07867   0.04498         0
    90/299    0.602G   0.08394    0.0496         0    0.1335         5       320    0.9362    0.8566    0.9272    0.3722   0.07985   0.04636         0
    91/299    0.602G   0.08693   0.04739         0    0.1343        18       320    0.8885     0.875     0.918     0.437     0.079   0.04551         0
    92/299    0.602G   0.08605   0.05455         0    0.1406        28       320    0.7294    0.8583    0.8216    0.2833    0.0819   0.04906         0
    93/299    0.602G   0.08511   0.04835         0    0.1335        14       320    0.8545    0.8319    0.8757    0.2891   0.08282   0.04484         0
    94/299    0.602G   0.08822   0.06505         0    0.1533        69       320    0.8328    0.9167    0.9218    0.4439   0.07738   0.04783         0
    95/299    0.602G   0.08731   0.04877         0    0.1361         8       320     0.723      0.85    0.8282     0.363   0.07768   0.04842         0
    96/299    0.602G   0.08153   0.06301         0    0.1445        72       320     0.917    0.7583    0.8832    0.3605   0.07799   0.04822         0
    97/299    0.602G   0.08227   0.06432         0    0.1466        61       320    0.8108     0.825    0.8812    0.4137   0.07659    0.0472         0
    98/299    0.602G    0.0836   0.04663         0    0.1302        26       320    0.6976    0.8458    0.7954    0.2885   0.08414   0.04527         0
    99/299    0.602G   0.08561   0.05263         0    0.1382        43       320    0.9016    0.8667    0.9346    0.4194    0.0759   0.04505         0
   100/299    0.602G   0.08191   0.04839         0    0.1303         6       320    0.7243    0.8417     0.833    0.2926   0.07858   0.04507         0
   101/299    0.602G   0.09027   0.05486         0    0.1451        30       320    0.9367     0.875    0.9386    0.3591   0.07681   0.04474         0
   102/299    0.602G   0.08463   0.05247         0    0.1371        10       320    0.7283      0.85    0.8476    0.3226    0.0786   0.04455         0
   103/299    0.602G   0.08819   0.05533         0    0.1435        27       320      0.88    0.8557    0.9177    0.4393   0.07586   0.04379         0
   104/299    0.602G   0.07936   0.05015         0    0.1295         7       320    0.8254    0.8333      0.89    0.4016   0.07701   0.04356         0
   105/299    0.602G   0.08333   0.04865         0     0.132        18       320    0.8451     0.875    0.9042      0.33   0.07793   0.04501         0
   106/299    0.602G   0.07993   0.05578         0    0.1357        31       320    0.8947      0.85    0.9082    0.3507   0.07752   0.04378         0
   107/299    0.602G   0.08956   0.04823         0    0.1378        12       320    0.8067    0.9083    0.8877    0.3623   0.07854   0.04396         0
   108/299    0.602G    0.0897   0.06701         0    0.1567        46       320    0.8264         1    0.9341    0.4359   0.07462   0.04618         0
   109/299    0.602G   0.07788   0.04329         0    0.1212         7       320    0.8913    0.9583    0.9522    0.5012   0.07291   0.04471         0
   110/299    0.602G   0.08229   0.05572         0     0.138        17       320    0.8415     0.975    0.9297    0.4866   0.07228   0.04705         0
   111/299    0.602G   0.08093   0.05202         0     0.133        10       320    0.9145    0.8916    0.9469    0.5054   0.07347    0.0437         0
   112/299    0.602G   0.07185   0.05333         0    0.1252        26       320    0.9036    0.8833    0.9433    0.5046     0.074   0.04291         0
   113/299    0.602G   0.08575   0.04876         0    0.1345         5       320    0.9267    0.9488    0.9638    0.5256   0.07349   0.04356         0
   114/299    0.602G   0.07551   0.04917         0    0.1247        27       320    0.8987    0.9667    0.9581    0.5375   0.07396   0.04216         0
   115/299    0.602G   0.08054    0.0555         0     0.136        35       320    0.7264    0.8408    0.8019    0.3411   0.07603    0.0442         0
   116/299    0.602G   0.08226   0.05003         0    0.1323        54       320    0.8789    0.9074    0.9341    0.4449   0.07304   0.04433         0
   117/299    0.602G   0.07794   0.05275         0    0.1307        43       320    0.9415    0.9417    0.9563    0.5427   0.07118   0.04274         0
   118/299    0.602G   0.07886   0.05238         0    0.1312        45       320     0.904    0.9416    0.9568    0.5282   0.07165   0.04259         0
   119/299    0.602G   0.07516   0.04343         0    0.1186         5       320    0.9262    0.9415    0.9543    0.5148   0.07334   0.04335         0
   120/299    0.602G   0.08499    0.0509         0    0.1359        20       320    0.8778    0.9667    0.9528    0.5449   0.07181   0.04413         0
   121/299    0.602G    0.0845   0.05419         0    0.1387        39       320     0.838    0.9917    0.9333     0.526   0.07257   0.04343         0
   122/299    0.602G   0.07793   0.05203         0      0.13         3       320    0.9127    0.9667    0.9548    0.5395   0.07401   0.04338         0
   123/299    0.602G   0.07952   0.04772         0    0.1272         6       320    0.8929     0.975    0.9468    0.4357   0.07404    0.0429         0
   124/299    0.602G   0.08145   0.05043         0    0.1319        18       320    0.8999    0.9736    0.9538     0.542   0.07185   0.04276         0
   125/299    0.602G    0.0836   0.05214         0    0.1357        24       320    0.8874    0.9917    0.9579     0.531    0.0724   0.04286         0
   126/299    0.602G   0.08286   0.05464         0    0.1375        26       320    0.9266      0.95    0.9576     0.583   0.07063   0.04305         0
   127/299    0.602G   0.07555   0.05998         0    0.1355        51       320    0.9196    0.9833    0.9611    0.5408   0.07122    0.0429         0
   128/299    0.602G   0.07981   0.04749         0    0.1273         5       320    0.9081    0.9057     0.955    0.4855   0.07139   0.04273         0
   129/299    0.602G   0.08087   0.04752         0    0.1284         7       320    0.8968    0.9417    0.9465    0.5094   0.07092   0.04211         0
   130/299    0.602G   0.08131   0.05678         0    0.1381        30       320    0.9197    0.9583     0.959    0.5537   0.07025   0.04173         0
   131/299    0.602G   0.07764   0.05045         0    0.1281        41       320    0.8669     0.925     0.927    0.4614   0.07424   0.04172         0
   132/299    0.602G   0.08686   0.04459         0    0.1315         2       320     0.936    0.9743    0.9603     0.534    0.0712   0.04312         0
   133/299    0.602G   0.08139   0.06061         0     0.142        26       320    0.9083    0.9917    0.9585    0.5626   0.07079    0.0421         0
   134/299    0.602G    0.0782   0.05089         0    0.1291        11       320    0.8706    0.9583    0.9462    0.5213   0.07159   0.04149         0
   135/299    0.602G   0.08063   0.04282         0    0.1234         6       320    0.8998     0.975    0.9597    0.5358   0.07003   0.04108         0
   136/299    0.602G   0.07867   0.04391         0    0.1226         6       320    0.8951    0.9244    0.9402    0.5056   0.07205    0.0416         0
   137/299    0.602G   0.07614   0.04832         0    0.1245        26       320    0.9153    0.9909    0.9605    0.5707   0.06909    0.0418         0
   138/299    0.602G   0.08209   0.05203         0    0.1341        26       320    0.9138     0.975    0.9576    0.5511   0.06966   0.04205         0
   139/299    0.602G   0.07625   0.04475         0     0.121        32       320    0.7528    0.8917    0.8044    0.2523   0.08429   0.04371         0
   140/299    0.602G   0.08086   0.06531         0    0.1462        57       320    0.8372    0.8997    0.8827    0.2594   0.08019   0.04643         0
   141/299    0.602G   0.08824   0.04628         0    0.1345        12       320    0.7958    0.9167    0.9279    0.4617   0.07331    0.0457         0
   142/299    0.602G    0.0763    0.0563         0    0.1326        21       320    0.9131    0.9667    0.9503    0.5479   0.07012   0.04285         0
   143/299    0.602G   0.07898   0.04808         0    0.1271        10       320    0.8624    0.9404    0.9077    0.4515   0.07249   0.04199         0
   144/299    0.602G   0.07203   0.04265         0    0.1147        13       320    0.8956    0.9333    0.9196     0.466   0.07225   0.04152         0
   145/299    0.602G   0.08425   0.05345         0    0.1377        74       320    0.6265    0.7826    0.6743    0.2323   0.08429   0.04412         0
   146/299    0.602G    0.0855   0.04418         0    0.1297        12       320    0.8233    0.8541    0.8862    0.4602   0.07231   0.04276         0
   147/299    0.602G   0.08348    0.0554         0    0.1389        26       320    0.7123    0.9078    0.7596    0.3718   0.07537   0.04446         0
   148/299    0.602G   0.07793   0.04796         0    0.1259        19       320    0.8984    0.9575    0.9406    0.4078   0.07405   0.04263         0
   149/299    0.602G   0.07821   0.04547         0    0.1237        32       320    0.8943    0.9167    0.9494    0.5672    0.0715   0.04164         0
   150/299    0.602G   0.07565   0.05421         0    0.1299        42       320    0.8931    0.9746    0.9562    0.5942   0.06912   0.04173         0
   151/299    0.602G   0.07466   0.04532         0      0.12        15       320    0.8416    0.9333    0.9093    0.3511   0.07607   0.04556         0
   152/299    0.602G   0.07804   0.06223         0    0.1403        63       320     0.887    0.9162    0.9288     0.527   0.07079   0.04248         0
   153/299    0.602G   0.08025   0.06088         0    0.1411        24       320    0.8483    0.8917     0.894    0.3374   0.07611   0.04311         0
   154/299    0.602G   0.07507   0.05168         0    0.1268        26       320    0.9053    0.9583     0.954    0.5634   0.06962   0.04043         0
   155/299    0.602G   0.08392   0.04938         0    0.1333        16       320    0.9364    0.9833    0.9547    0.5818   0.06999   0.04112         0
   156/299    0.602G   0.07699   0.04712         0    0.1241        18       320     0.928    0.9664    0.9546    0.5033   0.07184   0.04139         0
   157/299    0.602G   0.07696   0.05007         0     0.127        26       320    0.8845    0.9574    0.9234    0.4495   0.07442   0.04134         0
   158/299    0.602G   0.07659   0.04324         0    0.1198         5       320    0.9205    0.9667    0.9561    0.5607   0.06839   0.04108         0
   159/299    0.602G   0.07645   0.04931         0    0.1258        24       320    0.8991    0.9667     0.923    0.4817   0.07097   0.04127         0
   160/299    0.602G   0.07001    0.0498         0    0.1198        27       320    0.9196    0.9583    0.9537    0.5757   0.06851   0.04028         0
   161/299    0.602G   0.07398   0.05319         0    0.1272        57       320     0.928    0.9667    0.9534    0.5758    0.0694   0.04055         0
   162/299    0.602G   0.07154   0.04942         0     0.121        42       320    0.9189      0.95     0.948    0.5038   0.07144   0.04124         0
   163/299    0.602G   0.07793   0.05448         0    0.1324        38       320    0.9101    0.9417    0.9254    0.4438   0.07354   0.04136         0
   164/299    0.602G   0.08056    0.0567         0    0.1373        24       320     0.921     0.975    0.9579    0.4708   0.07226   0.04137         0
   165/299    0.602G   0.07607   0.04754         0    0.1236        27       320    0.9059    0.9667    0.9502    0.5428   0.07034   0.04127         0
   166/299    0.602G   0.07313   0.05111         0    0.1242        45       320    0.9285    0.9745    0.9533    0.5641   0.06902   0.04068         0
   167/299    0.602G    0.0764   0.04749         0    0.1239        29       320    0.9429    0.9667     0.952    0.5571   0.06921   0.04053         0
   168/299    0.602G   0.07498    0.0426         0    0.1176         8       320    0.9252    0.9333    0.9434    0.6058   0.06744   0.03972         0
   169/299    0.602G   0.07929   0.04605         0    0.1253        21       320    0.9179    0.9333     0.941    0.5784   0.06837   0.03998         0
   170/299    0.602G     0.074   0.05098         0     0.125        25       320    0.9407    0.9249    0.9451     0.587   0.06854   0.04059         0
   171/299    0.602G   0.07638   0.04797         0    0.1244        27       320    0.9393    0.9167    0.9505    0.5066   0.06996   0.04093         0
   172/299    0.602G   0.07479   0.05315         0    0.1279        50       320    0.9417    0.9414    0.9521    0.5922   0.06793   0.03994         0
   173/299    0.602G   0.07757   0.04338         0    0.1209        12       320    0.9266      0.95    0.9528    0.5019   0.07174   0.04046         0
   174/299    0.602G   0.07342    0.0511         0    0.1245        29       320    0.9422    0.9583    0.9549    0.5867   0.06745   0.03964         0
   175/299    0.602G   0.07614   0.04685         0     0.123         9       320    0.9352    0.9667    0.9558    0.5756   0.06743   0.03992         0
   176/299    0.602G   0.07073   0.04603         0    0.1168        35       320    0.9355    0.9662    0.9584    0.5991   0.06744      0.04         0
   177/299    0.602G   0.07638   0.06344         0    0.1398        26       320    0.9134    0.9667    0.9573    0.5392   0.07087   0.04101         0
   178/299    0.602G   0.07257   0.04765         0    0.1202        21       320    0.9354    0.9667    0.9535    0.5766   0.06842   0.04008         0
   179/299    0.602G   0.07347    0.0421         0    0.1156        12       320    0.9349    0.9583    0.9524    0.5627   0.07034   0.04068         0
   180/299    0.602G   0.07546   0.05776         0    0.1332        26       320    0.9266      0.95    0.9494    0.5674   0.06788   0.04062         0
   181/299    0.602G   0.07529    0.0515         0    0.1268        22       320    0.9262     0.941     0.943    0.5498   0.06784   0.04148         0
   182/299    0.602G   0.07282   0.03543         0    0.1083         9       320    0.9421    0.9493    0.9401    0.5696   0.06753   0.04116         0
   183/299    0.602G   0.07606   0.05962         0    0.1357        29       320    0.9416      0.95    0.9445    0.5842   0.06703   0.04124         0
   184/299    0.602G    0.0754    0.0527         0    0.1281        21       320    0.9421      0.95     0.959    0.5982   0.06642   0.04011         0
   185/299    0.602G    0.0755   0.04567         0    0.1212        14       320    0.9349     0.958     0.961    0.5446   0.06766   0.03991         0
   186/299    0.602G   0.07214   0.04114         0    0.1133        12       320    0.9431    0.9665    0.9631    0.6049   0.06671   0.03944         0
   187/299    0.602G   0.06949   0.05069         0    0.1202        43       320     0.943    0.9667    0.9634    0.5951   0.06838   0.04023         0
   188/299    0.602G   0.07515   0.04708         0    0.1222        15       320     0.943    0.9667    0.9633    0.5922   0.06649   0.03944         0
   189/299    0.602G   0.07403   0.04444         0    0.1185        18       320    0.9508    0.9664    0.9628    0.5423   0.06734   0.03971         0
   190/299    0.602G   0.07175   0.04578         0    0.1175        53       320    0.9432     0.975    0.9594    0.6134   0.06618   0.03915         0
   191/299    0.602G   0.07388   0.05624         0    0.1301        74       320     0.943    0.9659    0.9588    0.6082   0.06706   0.03961         0
   192/299    0.602G   0.07326   0.05047         0    0.1237        62       320     0.943    0.9667    0.9587    0.6165   0.06595   0.03924         0
   193/299    0.602G   0.07101   0.04611         0    0.1171        23       320    0.9433     0.975    0.9593    0.5973   0.06677   0.03973         0
   194/299    0.602G   0.07444   0.04373         0    0.1182        13       320    0.9433     0.975    0.9623    0.5899   0.06676   0.03968         0
   195/299    0.602G   0.07761   0.06056         0    0.1382        26       320     0.936    0.9749    0.9609    0.5414   0.06775   0.03966         0
   196/299    0.602G   0.06902   0.04914         0    0.1182        41       320     0.943    0.9667    0.9567    0.6126   0.06626   0.03889         0
   197/299    0.602G   0.07125   0.03758         0    0.1088         2       320    0.9431    0.9665    0.9579    0.6026   0.06575   0.03924         0
   198/299    0.602G   0.06924   0.04798         0    0.1172        26       320    0.9213    0.9749    0.9548    0.6064   0.06544   0.03972         0
   199/299    0.602G   0.07352      0.05         0    0.1235        21       320    0.9278    0.9667    0.9562    0.5979   0.06599   0.03969         0
   200/299    0.602G   0.07245   0.04316         0    0.1156         7       320    0.9504     0.958    0.9592     0.606   0.06538   0.03965         0
   201/299    0.602G    0.0709   0.04468         0    0.1156        42       320    0.9359    0.9738    0.9589    0.6131   0.06611   0.03966         0
   202/299    0.602G   0.07216   0.04557         0    0.1177         9       320    0.9203    0.9833    0.9595    0.5753   0.06579   0.04018         0
   203/299    0.602G   0.07089   0.04465         0    0.1155         3       320    0.9504    0.9583    0.9604    0.5984   0.06542    0.0399         0
   204/299    0.602G   0.07034   0.04553         0    0.1159        27       320    0.9286    0.9833    0.9577    0.6035    0.0668    0.0399         0
   205/299    0.602G   0.07449     0.051         0    0.1255        63       320    0.9291    0.9833    0.9598    0.5703    0.0669   0.03982         0
   206/299    0.602G   0.07331   0.04844         0    0.1217        60       320    0.9219    0.9832    0.9466    0.6127   0.06557   0.03955         0
   207/299    0.602G   0.07181   0.05065         0    0.1225        26       320    0.9219    0.9832    0.9497    0.6017   0.06526   0.03936         0
   208/299    0.602G   0.06936   0.04367         0     0.113        16       320    0.9219    0.9832    0.9466     0.612   0.06544   0.03928         0
   209/299    0.602G    0.0743   0.05652         0    0.1308        31       320    0.9219     0.983    0.9461    0.5835   0.06608   0.03974         0
   210/299    0.602G   0.07381   0.05639         0    0.1302        75       320    0.9216    0.9833    0.9535    0.6213   0.06506   0.03945         0
   211/299    0.602G   0.06869   0.04968         0    0.1184        59       320    0.9291    0.9833    0.9534    0.6276   0.06481   0.03887         0
   212/299    0.602G   0.07516   0.05205         0    0.1272        12       320    0.9508    0.9666    0.9536    0.6246   0.06481   0.03909         0
   213/299    0.602G   0.07217   0.04696         0    0.1191        62       320    0.9508    0.9666     0.954    0.6243    0.0648   0.03895         0
   214/299    0.602G   0.06706   0.03993         0     0.107         2       320    0.9286    0.9833    0.9521    0.6226   0.06474   0.03879         0
   215/299    0.602G   0.07003   0.03952         0    0.1095         9       320    0.9435    0.9744    0.9517    0.6175   0.06493   0.03899         0
   216/299    0.602G   0.07146   0.06308         0    0.1345        61       320    0.9503    0.9568    0.9531    0.6238   0.06475    0.0389         0
   217/299    0.602G   0.07314   0.04888         0     0.122        18       320    0.9502    0.9583    0.9552    0.6198   0.06541   0.03905         0
   218/299    0.602G    0.0734   0.05736         0    0.1308        92       320    0.9504    0.9583    0.9521    0.6144   0.06493   0.03883         0
   219/299    0.602G     0.066   0.04158         0    0.1076        14       320    0.9286    0.9748    0.9526    0.6195   0.06524   0.03901         0
   220/299    0.602G   0.06694   0.04351         0    0.1104        12       320      0.95    0.9583    0.9536    0.6186   0.06483   0.03885         0
   221/299    0.602G   0.06726   0.04422         0    0.1115        28       320    0.9504    0.9581    0.9552    0.6164   0.06478   0.03913         0
   222/299    0.602G   0.06538    0.0406         0     0.106         1       320    0.9431    0.9667     0.958    0.6223   0.06467   0.03893         0
   223/299    0.602G   0.06607   0.03528         0    0.1014         2       320    0.9428    0.9667    0.9576    0.6244   0.06457   0.03887         0
   224/299    0.602G   0.06516   0.04179         0    0.1069         3       320    0.9356     0.975    0.9569    0.6258    0.0648   0.03892         0
   225/299    0.602G   0.07314   0.05339         0    0.1265        34       320    0.9286     0.975    0.9559    0.6159   0.06503   0.03902         0
   226/299    0.602G   0.06506   0.03996         0     0.105         3       320    0.9219    0.9832    0.9483    0.6153   0.06479   0.03914         0
   227/299    0.602G   0.06322   0.04396         0    0.1072        18       320     0.936     0.975    0.9517    0.6079   0.06473   0.03889         0
   228/299    0.602G    0.0739    0.0388         0    0.1127        12       320    0.9358     0.975    0.9531    0.6165   0.06463    0.0388         0
   229/299    0.602G   0.06816   0.04159         0    0.1097         6       320    0.9364    0.9816     0.955    0.6227    0.0648   0.03874         0
   230/299    0.602G   0.07058   0.06265         0    0.1332        83       320     0.943    0.9667    0.9599    0.6266   0.06459   0.03862         0
   231/299    0.602G   0.06764   0.04123         0    0.1089         6       320     0.943    0.9667     0.961    0.6313   0.06455   0.03864         0
   232/299    0.602G   0.07097   0.04655         0    0.1175        24       320     0.943    0.9667     0.955    0.6159   0.06454   0.03899         0
   233/299    0.602G   0.06357   0.03983         0    0.1034         2       320    0.9288    0.9833    0.9599      0.63   0.06442   0.03876         0
   234/299    0.602G   0.07291   0.04347         0    0.1164        15       320    0.9429    0.9667    0.9604    0.6139   0.06486   0.03862         0
   235/299    0.602G   0.06859   0.04274         0    0.1113        13       320    0.9429    0.9667    0.9562    0.5989   0.06502   0.03864         0
   236/299    0.602G   0.07595   0.04135         0    0.1173        16       320    0.9431    0.9667    0.9521     0.627   0.06466   0.03857         0
   237/299    0.602G   0.06694   0.05087         0    0.1178        78       320     0.936     0.975    0.9538    0.6208   0.06465   0.03857         0
   238/299    0.602G   0.07058   0.04972         0    0.1203        32       320    0.9435    0.9739    0.9512    0.6203   0.06445    0.0387         0
   239/299    0.602G   0.06437   0.03792         0    0.1023        13       320     0.936    0.9744    0.9511    0.6187   0.06458    0.0389         0
   240/299    0.602G   0.07066   0.05129         0     0.122        23       320    0.9219    0.9833     0.949    0.6203   0.06472   0.03896         0
   241/299    0.602G   0.06982    0.0593         0    0.1291        77       320    0.9217    0.9833    0.9495    0.6216   0.06516   0.03903         0
   242/299    0.602G   0.06829   0.04193         0    0.1102        21       320    0.9286    0.9749    0.9502    0.6219   0.06489   0.03901         0
   243/299    0.602G   0.06921   0.04199         0    0.1112         7       320    0.9286    0.9749    0.9519     0.615   0.06491   0.03876         0
   244/299    0.602G   0.07098   0.05422         0    0.1252        30       320    0.9285    0.9746    0.9564    0.6312   0.06451   0.03861         0
   245/299    0.602G   0.06813   0.04204         0    0.1102        32       320    0.9281     0.975     0.956    0.6277   0.06469    0.0385         0
   246/299    0.602G   0.07097   0.04769         0    0.1187        21       320    0.9498      0.95    0.9557     0.625   0.06462   0.03853         0
   247/299    0.602G   0.07065   0.05056         0    0.1212        35       320    0.9426    0.9581    0.9558    0.6248   0.06506   0.03865         0
   248/299    0.602G    0.0668   0.04759         0    0.1144        32       320    0.9579    0.9583     0.957    0.6328   0.06469    0.0386         0
   249/299    0.602G   0.06997   0.04245         0    0.1124        14       320    0.9359     0.975    0.9575    0.6282   0.06502    0.0386         0
   250/299    0.602G   0.07372   0.04851         0    0.1222        19       320     0.936    0.9749     0.956     0.622   0.06457   0.03843         0
   251/299    0.602G   0.07017    0.0505         0    0.1207        21       320     0.936    0.9744    0.9526    0.6231   0.06456   0.03852         0
   252/299    0.602G   0.06979   0.04254         0    0.1123         8       320    0.9507    0.9667    0.9554     0.623   0.06444   0.03833         0
   253/299    0.602G   0.06891   0.04291         0    0.1118        28       320    0.9435    0.9749    0.9559     0.623   0.06433   0.03818         0
   254/299    0.602G   0.06637   0.04113         0    0.1075        41       320    0.9569    0.9667    0.9589    0.6352   0.06418   0.03804         0
   255/299    0.602G   0.06577   0.03925         0     0.105         3       320    0.9587    0.9667    0.9586    0.6363    0.0641     0.038         0
   256/299    0.602G   0.06785   0.03967         0    0.1075        14       320    0.9435     0.975    0.9575    0.6353   0.06412   0.03794         0
   257/299    0.602G   0.06971   0.04139         0    0.1111        32       320    0.9435    0.9745    0.9562    0.6325   0.06407   0.03797         0
   258/299    0.602G    0.0686   0.03784         0    0.1064        13       320    0.9502    0.9667    0.9546    0.6276   0.06408   0.03812         0
   259/299    0.602G   0.06931   0.04275         0    0.1121        38       320    0.9359     0.975    0.9546    0.6268   0.06409   0.03803         0
   260/299    0.602G   0.07027   0.04547         0    0.1157        24       320    0.9291    0.9831    0.9514    0.6247   0.06411   0.03822         0
   261/299    0.602G   0.05762   0.03813         0   0.09574         0       320    0.9287    0.9833    0.9509    0.6252   0.06414    0.0385         0
   262/299    0.602G   0.07428   0.05712         0    0.1314        29       320     0.936    0.9749    0.9517    0.6219   0.06413   0.03817         0
   263/299    0.602G   0.07199   0.04829         0    0.1203        71       320    0.9358     0.975    0.9527    0.6225    0.0641   0.03823         0
   264/299    0.602G   0.07177    0.0575         0    0.1293        83       320     0.936     0.975    0.9531    0.6249   0.06403   0.03826         0
   265/299    0.602G   0.06355   0.04293         0    0.1065        26       320    0.9359     0.975    0.9549    0.6322   0.06417   0.03831         0
   266/299    0.602G   0.06646   0.03988         0    0.1063        12       320    0.9506    0.9667    0.9561     0.633   0.06418   0.03843         0
   267/299    0.602G   0.07355   0.04139         0    0.1149        19       320    0.9497    0.9667    0.9549    0.6308   0.06405   0.03815         0
   268/299    0.602G   0.07081   0.05116         0     0.122        26       320    0.9215    0.9833    0.9547    0.6204   0.06429   0.03835         0
   269/299    0.602G   0.07107   0.04571         0    0.1168        25       320    0.9215    0.9833    0.9535     0.625   0.06433   0.03835         0
   270/299    0.602G   0.07092   0.04231         0    0.1132         6       320    0.9291     0.983    0.9533    0.6163   0.06454   0.03823         0
   271/299    0.602G   0.07097   0.03792         0    0.1089        10       320    0.9355     0.975    0.9551    0.6283    0.0642   0.03812         0
   272/299    0.602G   0.06482   0.04576         0    0.1106        45       320    0.9364    0.9833    0.9551    0.6318   0.06449   0.03819         0
   273/299    0.602G   0.07122   0.05292         0    0.1241        69       320    0.9431    0.9667    0.9546    0.6301   0.06416   0.03829         0
   274/299    0.602G   0.06435   0.03769         0     0.102         2       320    0.9365    0.9833    0.9551    0.6289   0.06405   0.03812         0
   275/299    0.602G   0.06683   0.04726         0    0.1141        34       320    0.9291    0.9832    0.9546    0.6309   0.06403   0.03827         0
   276/299    0.602G   0.06529   0.04223         0    0.1075        48       320    0.9291    0.9833    0.9553    0.6282   0.06415   0.03845         0
   277/299    0.602G   0.06744   0.03946         0    0.1069         8       320    0.9291    0.9832    0.9555    0.6303    0.0642   0.03838         0
   278/299    0.602G   0.06649   0.03769         0    0.1042         6       320    0.9291    0.9833    0.9563    0.6342   0.06419   0.03855         0
   279/299    0.602G   0.07048   0.05106         0    0.1215        74       320    0.9291    0.9833    0.9579    0.6308    0.0641   0.03852         0
   280/299    0.602G   0.06815   0.04739         0    0.1155        30       320     0.958    0.9583    0.9594    0.6309   0.06417   0.03852         0
   281/299    0.602G   0.07198   0.04884         0    0.1208        71       320    0.9575    0.9583     0.959    0.6282   0.06409   0.03831         0
   282/299    0.602G   0.06481   0.03969         0    0.1045        17       320    0.9583    0.9581     0.959    0.6283   0.06405   0.03846         0
   283/299    0.602G    0.0666   0.04588         0    0.1125         3       320     0.958    0.9583    0.9591    0.6311   0.06408   0.03828         0
   284/299    0.602G   0.06892   0.04733         0    0.1163        39       320    0.9582    0.9583    0.9599    0.6242   0.06405   0.03833         0
   285/299    0.602G   0.06058   0.04542         0     0.106         0       320     0.958    0.9583    0.9591    0.6245   0.06412   0.03826         0
   286/299    0.602G   0.07122   0.05006         0    0.1213        35       320    0.9578    0.9583    0.9583    0.6229   0.06417   0.03826         0
   287/299    0.602G   0.06981   0.05186         0    0.1217        43       320     0.958    0.9583     0.958    0.6258   0.06416   0.03833         0
   288/299    0.602G   0.06963   0.04607         0    0.1157        18       320     0.929    0.9833    0.9571    0.6299   0.06417   0.03816         0
   289/299    0.602G   0.06728   0.03878         0    0.1061         6       320     0.929    0.9833    0.9564    0.6304   0.06409   0.03793         0
   290/299    0.602G   0.06737   0.03501         0    0.1024         5       320     0.929    0.9833    0.9559    0.6327    0.0641   0.03794         0
   291/299    0.602G   0.06465   0.04156         0    0.1062         8       320     0.929    0.9833    0.9561    0.6323   0.06401   0.03805         0
   292/299    0.602G   0.06886   0.03561         0    0.1045         3       320    0.9291    0.9833    0.9577    0.6335   0.06388   0.03792         0
   293/299    0.602G   0.07124   0.05036         0    0.1216        20       320     0.929    0.9833    0.9563    0.6339   0.06385   0.03787         0
   294/299    0.602G   0.06619   0.03524         0    0.1014         3       320    0.9507    0.9667    0.9548    0.6303    0.0639   0.03796         0
   295/299    0.602G   0.06983   0.06514         0     0.135        43       320    0.9508    0.9667    0.9562    0.6358   0.06386   0.03802         0
   296/299    0.602G   0.06924   0.04618         0    0.1154        32       320    0.9507    0.9667    0.9574    0.6364   0.06385   0.03807         0
   297/299    0.602G   0.06966   0.04819         0    0.1179        26       320    0.9585    0.9667    0.9573    0.6322   0.06385   0.03786         0
   298/299    0.602G   0.06392   0.03942         0    0.1033         6       320    0.9586    0.9667    0.9573    0.6427   0.06385   0.03788         0
   299/299    0.602G   0.06755   0.04095         0    0.1085        11       320    0.9582    0.9667    0.9574    0.6369   0.06385   0.03792         0
